1.657 1.735 1.787 prime
1.981 1.781 1.781 chick
1.796 1.724 1.513 aims
1.803 1.557 1.630 saudi
1.961 1.960 1.563 cole
1.927 1.852 1.575 press
1.686 1.620 1.734 sticky
1.779 1.916 1.532 sports
1.761 1.899 1.979 luxury
1.815 1.576 1.900 macro
1.784 1.845 1.854 bible
1.524 1.594 1.881 step
1.642 1.801 1.713 rights
1.717 1.549 1.650 tone
1.574 1.640 1.762 grid
1.697 1.648 1.841 both
1.926 1.503 1.582 removal
1.744 1.772 1.571 heater
1.682 1.777 1.862 soon
1.908 1.959 1.722 coins
1.583 1.961 1.805 pop
1.882 1.837 1.815 both
1.881 1.568 1.829 how
1.869 1.748 1.706 door
1.512 1.500 1.680 removal
1.671 1.595 1.705 modular
1.969 1.668 1.857 deals
1.591 1.725 1.501 bath
1.877 1.670 1.726 fully
1.855 1.506 1.739 belt
1.932 1.821 1.595 proof
1.753 1.736 1.941 oasis
1.783 1.714 1.606 fat
1.579 1.788 1.731 play
1.907 1.839 1.644 taxes
1.885 1.519 1.979 watched
1.873 1.697 1.920 clone
1.891 1.557 1.989 hardly
1.941 1.997 1.787 door
1.869 1.968 1.574 oasis
1.898 1.741 1.705 recipes
1.648 1.566 1.512 cottage
1.914 1.965 1.569 street
1.919 1.711 1.534 horn
1.699 1.999 1.715 oasis
1.620 1.958 1.826 goat
1.596 1.637 1.542 cricket
1.698 1.833 1.697 drive
1.574 1.746 1.561 guilty
1.626 1.633 1.737 inf
1.540 1.867 1.562 bible
1.718 1.880 1.834 topics
1.870 1.860 1.615 anxiety
1.660 1.923 1.517 operate
1.618 1.812 1.849 mexican
1.852 1.876 1.595 polo
1.664 1.611 1.912 fox
1.539 1.658 1.874 says
1.739 1.923 1.912 quad
1.547 1.887 1.879 shall
1.598 1.562 1.582 mexican
1.842 1.791 1.888 saudi
1.598 1.626 1.973 press
1.539 1.521 1.769 tiles
1.766 1.613 1.811 martial
1.621 1.635 1.691 curve
1.562 1.922 1.512 placing
1.982 1.806 1.576 eagle
1.853 1.816 1.531 horn
1.868 1.783 1.942 inf
1.587 1.595 1.691 metric
1.605 1.722 1.839 brutal
1.785 1.582 1.522 alarm
1.855 1.718 1.580 walked
1.699 1.745 1.763 watched
1.518 1.690 1.645 apple
1.692 1.968 1.845 both
1.689 1.853 1.675 badly
1.757 1.550 1.771 their
1.850 1.925 1.844 chick
1.933 1.854 1.753 belkin
1.712 1.923 1.534 quad
1.674 1.700 1.940 press
1.963 1.928 1.923 careers
1.683 1.740 1.886 allen
1.942 1.680 1.882 belongs
1.710 1.724 1.538 shirts
1.641 1.617 1.594 entered
1.676 1.887 1.640 hardly
1.890 1.627 1.897 luxury
1.780 1.859 1.866 was
1.761 1.554 1.504 abu
1.850 1.857 1.659 wishing
1.675 1.892 1.590 horn
1.680 1.599 1.579 saddam
1.664 1.693 1.506 stake
1.776 1.560 1.753 cricket
1.997 1.944 1.622 stood
1.801 1.985 1.842 fellow
1.730 1.685 1.559 clark
1.619 1.656 1.639 removal
1.618 1.840 1.891 partly
1.723 1.913 1.655 sleeve
1.525 1.896 1.864 oasis
1.512 1.677 1.856 stake
1.634 1.595 1.828 cloud
1.891 1.617 1.682 martial
1.978 1.694 1.836 macro
1.851 1.508 1.747 polo
1.739 1.647 1.931 clone
1.590 1.965 1.898 beam
1.975 1.863 1.947 topics
1.725 1.788 1.750 their
1.873 1.561 1.939 file
1.678 1.665 1.902 tgp
1.935 1.806 1.549 luxury
1.528 1.829 1.667 mali
1.759 1.531 1.854 grid
1.636 1.940 1.779 kennedy
1.972 1.629 1.769 misc
1.772 1.768 1.636 rhythm
1.976 1.769 1.739 enter
1.750 1.880 1.758 file
1.874 1.795 1.975 kennedy
1.997 1.637 1.593 apple
1.999 1.799 1.748 sports
1.766 1.736 1.701 tiles
1.688 1.520 1.854 mali
1.853 1.691 1.718 buses
1.774 1.584 1.819 colours
1.911 1.943 1.537 proof
1.834 1.650 1.860 play
1.845 1.933 1.729 eagle
1.866 1.789 1.547 lace
1.579 1.833 1.838 ati
1.978 1.537 1.594 basin
1.760 1.639 1.872 recall
1.872 1.504 1.925 heater
1.878 1.835 1.669 gate
1.764 1.579 1.617 created
1.925 1.784 1.584 sticker
1.846 1.605 1.911 figure
1.589 1.846 1.932 fully
1.804 1.600 1.940 reno
1.739 1.533 1.671 chest
1.894 1.769 1.849 chick
1.990 1.897 1.788 nursing
1.701 1.564 1.832 framed
1.525 1.896 1.837 rights
1.546 1.987 1.972 step
1.897 1.824 1.642 bath
1.880 1.983 1.758 door
1.645 1.657 1.571 saddam
1.642 1.810 1.550 both
1.921 1.929 1.686 heather
1.728 1.625 1.917 forums
1.525 1.850 1.906 tgp
1.592 1.908 1.856 call
1.923 1.913 1.940 apple
1.987 1.858 1.938 experts
1.812 1.634 1.622 belkin
1.869 1.744 1.876 bath
1.619 1.824 1.757 adds
1.839 1.821 1.601 trace
1.883 1.872 1.682 until
1.632 1.679 1.721 rhythm
1.770 1.584 1.514 sleeve
1.724 1.726 1.810 deals
1.615 1.736 1.795 proof
1.568 1.628 1.681 clark
1.794 1.792 1.973 gays
1.712 1.823 1.845 both
1.639 1.698 1.644 recipes
1.996 1.562 1.755 belkin
1.594 1.676 1.845 created
1.581 1.598 1.992 pattern
1.982 1.670 1.817 watched
1.730 1.956 1.974 fully
1.956 1.987 1.603 titles
1.659 1.983 1.870 asks
1.911 1.971 1.719 cooking
1.504 1.960 1.958 inf
1.888 1.720 1.587 shirts
1.857 1.744 1.964 ati
1.862 1.928 1.978 por
1.819 1.566 1.843 malta
1.749 1.729 1.658 art
1.823 1.517 1.628 number
1.596 1.566 1.578 phase
1.680 1.818 1.966 soon
1.500 1.692 1.547 polo
1.876 1.757 1.767 cooking
1.923 1.787 1.582 step
1.857 1.762 1.665 period
1.544 1.610 1.759 clark
1.685 1.927 1.674 walked
1.578 1.957 1.741 inf
1.552 1.538 1.692 coins
1.960 1.846 1.992 raises
1.915 1.750 1.973 heater
1.765 1.619 1.665 implies
1.790 1.734 1.967 sync
1.618 1.628 1.797 number
1.528 1.830 1.918 adds
1.955 1.960 1.617 psp
1.696 1.634 1.548 until
1.807 1.748 1.537 adds
1.501 1.644 1.974 xhtml
1.684 1.722 1.845 warned
1.929 1.917 1.987 rights
1.970 1.609 1.661 fatal
1.678 1.892 1.791 dreams
1.546 1.968 1.875 mexican
1.760 1.913 1.512 both
1.624 1.785 1.624 forgot
1.953 1.598 1.902 implies
1.536 1.701 1.951 drive
1.981 1.838 1.940 eagle
1.768 1.855 1.641 enter
1.642 1.847 1.977 paste
1.766 1.567 1.669 hottest
1.517 1.517 1.896 hardly
1.642 1.843 1.884 shall
1.684 1.554 1.839 art
1.597 1.841 1.897 wishing
1.970 1.744 1.533 recipes
1.931 1.745 1.871 belongs
1.590 1.944 1.546 arena
1.823 1.916 1.822 placing
1.631 1.626 1.924 posting
1.767 1.747 1.715 sticker
1.520 1.941 1.657 titles
1.541 1.558 1.609 belkin
1.665 1.503 1.654 asks
1.929 1.858 1.547 cricket
1.790 1.889 1.634 how
1.925 1.934 1.886 fellow
1.628 1.981 1.786 ethnic
1.602 1.740 1.694 door
1.690 1.890 1.845 macro
1.673 1.627 1.983 bound
1.584 1.743 1.764 trace
1.644 1.614 1.629 median
1.715 1.960 1.893 dec
1.555 1.733 1.704 misc
1.648 1.706 1.765 polo
1.659 1.729 1.978 folder
1.515 1.671 1.892 gently
1.590 1.595 1.829 main
1.636 1.967 1.522 clark
1.830 1.575 1.894 bound
1.727 1.601 1.929 mars
1.629 1.617 1.715 hardly
1.670 1.911 1.714 lace
1.777 1.806 1.525 pattern
1.722 1.790 1.770 macro
1.564 1.506 1.639 mexican
1.584 1.833 1.822 pop
1.993 1.964 1.772 door
1.778 1.509 1.527 bound
1.899 1.969 1.544 created
1.673 1.649 1.681 rage
1.753 1.797 1.975 lace
1.539 1.986 1.824 horn
1.940 1.860 1.943 bath
1.554 1.519 1.823 require
1.934 1.614 1.684 drive
1.904 1.834 1.612 miss
1.940 1.758 1.772 cities
1.698 1.938 1.868 removal
1.980 1.686 1.647 shirts
1.514 1.844 1.556 taxes
1.609 1.845 1.733 lead
1.897 1.741 1.567 arena
1.707 1.539 1.833 moses
1.632 1.582 1.820 proof
1.590 1.957 1.642 figure
1.852 2.000 1.569 tone
1.535 1.651 1.936 play
1.578 1.871 1.610 mali
1.998 1.919 1.500 church
1.635 1.861 1.518 chest
1.576 1.767 1.671 folder
1.514 1.897 1.947 cities
1.759 1.666 1.767 guilty
1.837 1.896 1.607 art
1.547 1.966 1.546 tiles
1.793 1.759 1.523 xhtml
1.543 1.990 1.922 luxury
1.581 1.567 1.712 stood
1.918 1.695 1.685 enter
1.849 1.642 1.542 moses
1.977 1.814 1.993 arena
1.668 1.543 1.816 topics
1.876 1.816 1.637 scout
1.978 1.569 1.789 aims
1.778 1.714 1.757 rather
1.816 1.986 1.513 expired
1.694 1.678 1.619 artwork
1.529 1.997 1.874 implies
1.944 1.727 1.754 claim
1.511 1.762 1.605 incest
1.769 1.911 1.994 require
1.665 1.940 1.573 subject
1.919 1.627 1.642 clone
1.828 1.729 1.909 belkin
1.723 1.534 1.617 gently
1.996 1.973 1.668 colours
1.512 1.593 1.671 cricket
1.724 1.566 1.991 colours
1.761 1.549 1.842 folder
1.578 1.993 1.557 revenge
1.810 1.544 1.866 unknown
1.524 1.958 1.704 unknown
1.537 1.847 1.858 pop
1.660 1.699 1.778 clone
1.622 1.704 1.623 healthy
1.531 1.588 1.942 until
1.509 1.798 1.709 pattern
1.760 1.539 1.920 beam
1.961 1.701 1.987 scout
1.528 1.627 1.512 oasis
1.839 1.999 1.768 operate
1.919 1.524 1.851 cricket
1.624 1.530 1.733 sticky
1.506 1.859 1.984 cnet
1.740 1.971 1.979 oasis
1.808 1.664 1.789 brutal
1.579 1.548 1.805 kennedy
1.931 1.843 1.516 len
1.727 1.853 1.973 xhtml
1.530 1.724 1.774 task
1.673 1.548 1.592 sync
1.708 1.962 1.729 anxiety
1.679 1.708 1.930 dreams
1.628 1.627 1.909 por
1.715 1.771 1.519 deals
1.670 1.729 1.753 eagle
1.991 1.729 1.553 design
1.532 1.626 1.895 xhtml
1.731 1.938 1.883 tone
1.958 1.761 1.534 arena
1.807 1.738 1.912 phone
1.534 1.894 1.798 revenge
1.735 1.841 1.782 claim
1.854 1.851 1.924 sports
1.795 1.940 1.781 period
1.663 1.779 1.724 tgp
1.958 1.589 1.710 italia
1.912 1.668 1.787 careers
1.907 1.739 1.608 guilty
1.585 1.910 1.800 guilty
1.757 1.542 1.655 pop
1.544 1.893 1.944 walked
1.865 1.973 1.747 xhtml
1.771 1.963 1.786 springs
1.768 1.553 1.892 beam
1.875 1.545 1.783 shall
1.762 1.855 1.753 legs
1.573 1.969 1.564 paste
1.784 1.651 1.985 forums
1.788 1.512 1.585 proof
1.800 1.580 1.529 horn
1.516 1.533 1.801 stake
1.838 1.953 1.865 proof
1.827 1.982 1.944 semi
1.556 1.501 1.834 slight
1.782 1.886 1.631 merge
1.583 1.540 1.999 rage
1.805 1.716 1.988 require
1.929 1.578 1.710 artwork
1.918 1.508 1.760 por
1.554 1.877 1.579 artwork
1.574 1.809 1.825 stood
1.916 1.511 1.523 len
1.862 1.865 1.844 saddam
1.635 1.905 1.521 placing
1.581 1.687 1.673 gays
1.762 1.507 1.768 chick
1.642 1.667 1.922 tiles
1.664 1.609 1.510 design
1.562 1.593 1.717 topics
1.735 1.787 1.683 ethnic
1.743 1.592 1.836 rage
1.592 1.653 1.640 martial
1.778 1.733 1.538 tone
1.762 1.841 1.622 allen
1.851 1.956 1.856 clark
1.542 1.874 1.655 tgp
1.567 1.918 1.935 recall
1.768 1.512 1.786 soon
1.606 1.648 1.580 markets
1.977 1.773 1.819 lace
1.642 1.684 1.917 period
1.502 1.520 1.652 anxiety
1.787 1.510 1.959 subject
1.982 1.533 1.956 gently
1.866 1.901 1.762 door
1.976 1.559 1.513 pop
1.711 1.920 1.887 warned
1.904 1.523 1.898 claim
1.569 1.674 1.822 coins
1.536 1.567 1.771 healthy
1.733 1.834 1.636 cloud
1.964 1.881 1.547 heater
1.843 1.609 1.985 gently
1.815 1.536 1.686 modular
1.709 1.817 1.624 springs
1.777 1.839 1.924 cottage
1.540 1.812 1.746 goat
1.879 1.890 1.774 wishing
1.935 1.769 1.602 cole
1.549 1.618 1.875 places
1.527 1.996 1.732 sports
1.987 1.536 1.752 says
1.512 1.815 1.681 fully
1.550 1.584 1.892 chest
1.523 1.861 1.806 anxiety
1.813 1.515 1.810 gate
1.550 1.944 1.593 recall
1.590 1.797 1.858 places
1.773 1.891 1.717 play
1.586 1.542 1.977 prime
1.727 1.781 1.795 tri
1.926 1.691 1.744 careers
1.826 1.588 1.682 play
1.837 1.779 1.807 both
1.572 1.880 1.980 taxes
1.618 1.856 1.618 metric
1.567 1.640 1.550 walked
1.761 1.556 1.737 reno
1.542 1.733 1.973 operate
1.929 1.526 1.545 mars
1.975 1.644 1.785 phase
1.815 1.502 1.739 drive
1.605 1.592 1.702 tgp
1.824 1.760 1.977 forgot
1.936 1.749 1.844 goat
1.743 1.658 1.508 heather
1.849 1.811 1.795 framed
1.712 1.741 1.714 belt
1.867 1.715 1.542 heather
1.571 1.762 1.887 proof
1.556 1.890 1.699 wit
1.612 1.647 1.594 number
1.754 1.891 1.575 play
1.660 1.743 1.838 kennedy
1.849 1.716 1.871 gays
1.557 1.602 1.610 belt
1.559 1.991 1.977 church
1.810 1.618 1.802 expired
1.816 1.887 1.871 heater
1.505 1.768 1.873 titles
1.654 1.646 1.715 clone
1.678 1.627 1.510 merge
1.581 1.563 1.619 fired
1.747 1.769 1.638 nutten
1.808 1.628 1.936 legs
1.784 1.965 1.635 door
1.509 1.982 1.908 created
1.880 1.553 1.864 placing
1.571 1.560 1.801 period
1.696 1.685 1.875 period
1.877 1.594 1.512 says
1.814 1.548 1.533 basin
1.969 1.667 1.696 careers
1.881 1.973 1.664 door
1.832 1.732 1.564 adds
1.621 2.000 1.703 chick
1.833 1.873 1.739 forgot
1.616 1.814 1.670 rights
1.791 1.975 1.922 quad
1.697 1.606 1.706 grid
1.754 1.618 1.549 oasis
1.858 1.872 1.871 implies
1.566 1.898 1.612 asks
1.970 1.636 1.810 folder
1.731 1.991 1.968 lace
1.556 1.720 1.531 tgp
1.950 1.639 1.693 anxiety
1.584 1.554 1.959 fatal
1.587 1.885 1.825 legs
1.871 1.871 1.934 folder
1.573 1.632 1.618 belt
1.603 1.530 1.875 grid
1.809 1.570 1.695 basin
1.971 1.813 1.671 ink
1.851 1.766 1.737 pissing
1.822 1.591 1.827 step
1.584 1.629 1.550 expired
1.659 1.669 1.633 artwork
1.649 1.504 1.631 arena
1.599 1.506 1.948 framed
1.505 1.865 1.543 street
1.771 1.654 1.777 tgp
1.881 1.563 1.874 saudi
1.732 1.881 1.872 sync
1.947 1.990 1.873 merge
1.819 1.888 1.556 shirts
1.957 1.747 1.934 forgot
1.904 1.853 1.692 subject
1.751 1.620 1.658 expired
1.524 1.665 1.730 shall
1.506 1.944 1.797 len
1.690 1.839 1.665 curve
1.931 1.954 1.879 mandate
1.699 1.507 1.750 kennedy
1.897 1.762 1.728 experts
1.851 1.997 1.512 dec
1.521 1.855 1.646 mars
1.521 1.799 1.793 lead
1.816 1.785 1.611 macro
1.663 1.864 1.984 italia
1.953 1.735 1.907 chick
1.649 1.801 1.535 partly
1.892 1.771 1.511 quad
1.983 1.628 1.713 moses
1.698 1.990 1.594 church
1.504 1.555 1.824 fellow
1.891 1.971 1.663 alarm
1.631 1.775 1.603 len
1.656 1.510 1.886 guilty
1.989 1.705 1.846 careers
1.837 1.881 1.930 cole
1.860 1.543 1.901 enter
1.515 1.594 1.763 number
1.727 1.901 1.648 shirts
1.966 1.686 1.979 raises
1.771 1.855 1.648 watched
1.553 1.681 1.508 asks
1.929 1.801 1.812 was
1.589 1.824 1.889 forgot
1.638 1.820 1.549 goat
1.741 1.553 1.661 titles
1.758 1.624 1.858 modular
1.654 1.663 1.960 belongs
1.783 1.766 1.685 deals
1.784 1.555 1.970 merge
1.603 1.636 1.728 curve
1.723 2.000 1.730 kennedy
1.976 1.648 1.756 legs
1.937 1.599 1.719 street
1.603 1.554 1.744 beam
1.789 1.936 1.920 luxury
1.818 1.971 1.665 fired
1.874 1.725 1.602 median
1.672 1.611 1.561 warned
1.541 1.929 1.830 healthy
1.527 1.984 1.660 nursing
1.883 1.563 1.785 polo
1.938 1.573 1.521 por
1.772 1.834 1.999 nursing
1.644 1.697 1.547 trace
1.614 1.584 1.924 unknown
1.699 1.690 1.956 apple
1.951 1.747 1.830 deals
1.829 1.579 1.851 topics
1.643 1.659 1.800 prime
1.674 1.698 1.883 bound
1.547 1.905 1.714 recall
1.990 1.854 1.616 alarm
1.679 1.874 1.792 number
1.518 1.573 1.608 clark
1.929 1.644 1.770 experts
1.507 1.596 1.946 fully
1.584 1.865 1.852 sync
1.973 1.698 1.888 drive
1.833 1.610 1.889 tgp
1.859 1.742 1.896 asks
1.561 1.970 1.920 play
1.728 1.938 1.939 placing
1.880 1.700 1.515 shirts
1.523 1.909 1.739 artwork
1.931 1.907 1.559 until
1.895 1.827 1.546 says
1.817 1.754 1.812 sports
1.579 1.727 1.810 wishing
1.705 1.940 1.576 recall
1.963 1.819 1.562 malta
1.554 1.621 1.946 lead
1.833 1.765 1.740 call
1.576 1.958 1.531 ati
1.561 1.808 1.974 disable
1.972 1.944 1.902 por
1.678 1.741 1.882 inf
1.525 1.976 1.836 anxiety
1.983 1.625 1.719 anxiety
1.550 1.623 1.962 cities
1.634 1.956 1.763 arena
1.793 1.649 1.702 arena
1.896 1.612 1.569 period
1.835 1.824 1.875 ink
1.638 1.846 1.754 macro
1.786 1.972 1.629 nutten
1.846 1.970 1.772 raises
1.848 1.512 1.638 heater
1.519 1.933 1.898 cooking
1.844 1.812 1.730 implies
1.675 1.580 1.901 entered
1.641 1.797 1.673 until
1.609 1.905 1.907 cole
1.847 1.584 1.750 beam
1.956 1.682 1.736 colours
1.786 1.957 1.786 gays
1.525 1.853 1.766 sticky
1.654 1.599 1.666 modular
1.651 1.956 1.726 was
1.575 1.565 1.920 thou
1.762 1.536 1.598 basin
1.611 1.650 1.955 nursing
1.678 1.915 1.980 malta
1.597 1.749 1.708 gays
1.959 1.937 1.832 paste
1.789 1.747 1.835 call
1.755 1.646 2.000 brutal
1.880 1.566 1.704 miss
1.705 1.753 1.796 ethnic
1.648 1.765 1.786 swim
1.913 1.578 1.682 was
1.549 1.566 1.876 art
1.512 1.864 1.722 cities
1.866 1.998 1.528 dreams
1.603 1.643 1.930 chest
1.527 1.605 1.688 slight
1.627 1.550 1.673 colours
1.869 1.511 1.752 expired
1.621 1.576 1.902 clone
1.970 1.673 1.888 curve
1.742 1.785 1.981 legs
1.549 1.645 1.645 fox
1.532 1.552 1.628 believe
1.914 1.519 1.844 watched
1.959 1.704 1.915 pissing
1.574 1.579 1.619 martial
1.920 1.885 1.782 abu
1.938 1.805 1.820 cooking
1.772 1.651 1.592 polo
1.737 1.821 1.960 framed
1.601 1.548 1.689 sports
1.595 1.662 1.924 forums
1.524 1.649 1.846 allen
1.660 1.887 1.636 healthy
1.531 1.629 1.795 walked
1.785 1.788 1.595 bath
1.705 1.995 1.618 revenge
1.652 1.867 1.850 misc
1.908 1.523 1.874 tri
1.854 1.965 1.538 claim
1.892 1.880 1.702 reno
1.854 1.874 1.537 step
1.898 1.833 1.684 inf
1.997 1.796 1.957 hardly
1.609 1.836 1.548 operate
1.813 1.890 1.611 metric
1.570 1.939 1.842 markets
1.695 1.589 1.510 soon
1.661 1.774 1.716 wishing
1.640 1.979 1.819 hottest
1.584 1.528 1.717 apple
1.664 1.731 1.809 alarm
1.738 1.598 1.733 muslims
1.803 1.841 1.717 cloud
1.852 1.769 1.927 trace
1.523 1.600 1.858 door
1.521 1.538 1.840 miss
1.883 1.769 1.875 abu
1.566 1.892 1.850 watched
1.715 1.769 1.636 mali
1.778 1.921 1.837 ati
1.675 1.940 1.652 incest
1.954 1.842 1.838 cooking
1.772 1.750 1.665 stays
1.766 1.890 1.676 rather
1.985 1.725 1.908 cottage
1.889 1.958 1.789 wit
1.630 1.564 1.717 expired
1.778 1.751 1.548 eagle
1.815 1.891 1.915 heather
1.979 1.833 1.939 basin
1.611 1.754 1.551 forums
1.542 1.982 1.935 taxes
1.866 1.862 1.786 mpg
1.671 1.538 1.954 muslims
1.521 1.804 1.899 trace
1.669 1.873 1.532 require
1.821 1.863 1.626 street
1.588 1.775 1.776 macro
1.902 1.905 1.851 wit
1.699 1.586 1.667 lead
1.537 1.598 1.905 topic
1.860 1.676 1.846 taxes
1.584 1.578 1.801 italia
1.719 1.859 1.938 press
1.879 1.674 1.994 clark
1.988 1.882 1.623 wishing
1.574 1.660 1.577 proof
1.976 1.972 1.504 dreams
1.954 1.778 1.606 figure
1.754 1.723 1.725 beam
1.971 1.712 1.854 wit
1.685 1.532 1.653 heather
1.739 1.544 1.979 tiles
1.865 1.562 1.575 was
1.920 1.640 1.906 posting
1.702 1.765 1.721 artwork
1.791 1.513 1.879 lace
1.695 1.837 1.967 was
1.692 1.525 1.515 coins
1.818 1.702 1.519 framed
1.644 1.983 1.553 coins
1.615 1.711 1.677 folder
1.887 1.938 1.601 brutal
1.571 1.604 1.574 reno
1.805 1.679 1.682 titles
1.802 1.815 1.500 pissing
1.870 1.889 1.659 pop
1.868 1.730 1.983 forums
1.697 1.913 1.583 implies
1.691 1.845 1.946 till
1.838 1.620 1.860 luxury
1.739 1.639 1.516 stays
1.927 1.782 1.782 guilty
1.958 1.676 1.759 brutal
1.723 1.729 1.593 imaging
1.501 1.916 1.937 removal
1.557 1.835 1.662 anxiety
1.913 1.751 1.841 ati
1.695 1.711 1.882 require
1.970 1.775 1.624 curve
1.805 1.539 1.563 artwork
1.730 1.772 1.656 cole
1.672 1.846 1.873 snap
1.598 1.885 1.503 dreams
1.721 1.763 1.739 reno
1.583 1.546 1.855 psp
1.550 1.933 1.686 file
1.896 1.982 1.958 dreams
1.769 1.906 1.887 malta
1.811 1.987 1.692 proof
1.574 1.721 1.752 dec
1.855 1.962 1.912 eagle
1.726 1.741 1.802 modular
1.503 1.512 1.757 rage
1.579 1.501 1.931 fully
1.808 1.890 1.779 runtime
1.919 1.991 1.795 martial
1.682 1.960 1.611 mating
1.772 1.925 1.927 door
1.952 1.778 1.655 lace
1.603 1.611 1.703 file
1.939 1.730 1.710 curve
1.833 1.500 1.972 inf
1.881 1.786 1.882 hardly
1.846 1.951 1.901 thou
1.565 1.837 1.958 wit
1.726 1.598 1.801 reno
1.798 1.621 1.925 cnet
1.599 1.623 1.531 entered
1.501 1.811 1.985 gays
1.533 1.601 1.872 metric
1.967 1.543 1.931 task
1.587 1.565 1.637 belkin
1.851 1.722 1.956 press
1.819 1.957 1.739 alarm
1.998 1.818 1.672 artwork
1.834 1.963 1.978 coins
1.678 1.772 1.678 cnet
1.627 1.563 1.885 muslims
1.527 1.980 1.910 shall
1.540 1.566 1.756 fired
1.668 1.985 1.908 fox
1.853 1.870 1.667 claim
1.528 1.826 1.634 energy
1.940 1.963 1.581 play
1.785 1.751 1.864 bible
1.765 1.812 1.526 partly
2.000 1.644 1.839 tri
1.784 1.654 1.885 design
1.550 1.880 1.547 macro
1.815 1.988 1.503 task
1.606 1.804 1.822 street
1.847 1.799 1.849 inquiry
1.651 1.988 1.514 heater
1.563 1.767 1.772 revenge
1.829 1.635 1.868 phone
1.637 1.682 1.538 saudi
1.914 1.615 1.654 till
1.579 1.886 1.852 fully
1.618 1.520 1.887 step
1.986 1.634 1.632 dreams
1.551 1.889 1.937 stood
1.650 1.529 1.643 alarm
1.531 1.573 1.818 stood
1.710 1.581 1.521 alarm
1.852 1.518 1.985 swim
1.830 1.717 1.513 deals
1.895 1.584 1.734 pattern
1.855 1.953 1.552 clark
1.925 1.732 1.618 shirts
1.536 1.626 1.769 kennedy
1.706 1.881 1.686 hottest
1.889 1.528 1.665 design
1.665 1.818 1.736 number
1.586 1.579 1.654 believe
1.969 1.777 1.683 gate
1.920 1.697 1.523 design
1.651 1.845 1.884 cricket
1.569 1.959 1.778 incest
1.643 1.996 1.501 adds
1.588 1.837 1.711 says
1.972 1.541 1.887 fox
1.970 1.639 1.784 sticker
1.795 1.835 1.543 apple
1.655 1.716 1.896 play
1.992 1.949 1.647 task
1.650 1.716 1.603 framed
1.639 1.681 1.806 semi
1.798 1.972 1.946 anxiety
1.740 1.909 1.513 raises
1.533 1.537 1.818 abu
1.752 1.709 1.741 walked
1.942 1.902 1.710 sync
1.762 1.806 1.761 forgot
1.592 1.551 1.782 fully
1.695 1.980 1.747 forums
1.550 1.757 1.621 soon
1.939 1.905 1.781 malta
1.806 1.611 1.552 tone
1.700 1.514 1.850 stays
1.744 1.899 1.614 hottest
1.904 1.670 1.891 mars
1.666 1.903 1.536 clark
1.782 1.597 1.607 removal
1.724 1.603 1.759 figure
1.534 1.504 1.505 brutal
1.717 1.737 1.883 moses
1.945 1.875 1.832 muslims
1.728 1.630 1.591 enter
1.638 1.509 1.608 brutal
1.795 1.828 1.511 apple
1.790 1.934 1.653 anxiety
1.631 1.944 1.713 trace
1.614 1.888 1.510 martial
1.896 1.924 1.538 phone
1.701 1.576 1.756 merge
1.522 1.609 1.977 fat
1.889 1.814 1.673 recall
1.858 1.833 1.656 wishing
1.824 1.905 1.601 artwork
1.700 1.866 1.576 fired
1.741 1.598 1.804 inf
1.650 1.675 1.901 clark
1.949 1.692 1.939 horn
1.827 1.993 1.573 figure
1.793 1.715 1.672 stood
1.552 1.756 1.827 incest
1.555 1.515 1.531 fired
1.813 1.669 1.817 springs
1.673 1.844 1.912 chick
1.807 1.936 1.744 hottest
1.625 1.610 1.707 sports
1.745 1.670 1.650 heather
1.729 1.599 1.530 mars
1.694 1.989 1.922 ink
1.563 1.667 1.565 cole
1.553 1.685 1.868 thou
1.761 1.546 1.673 basin
1.615 1.544 1.875 energy
1.932 1.520 1.631 scout
1.720 1.907 1.795 fox
1.697 1.953 1.746 recall
1.802 1.696 1.902 task
1.971 1.536 1.607 church
1.547 1.566 1.779 thou
1.504 1.910 1.626 framed
1.847 1.901 1.812 tri
1.598 1.875 1.813 sleeve
1.948 1.796 1.603 macro
1.750 1.640 1.542 task
1.876 1.636 1.659 macro
1.687 1.627 1.689 inquiry
1.902 1.896 1.637 thou
1.551 1.601 1.586 polo
1.734 1.869 1.706 paste
1.547 1.863 1.603 snap
1.689 1.784 1.589 imaging
1.542 1.777 1.905 beam
1.724 1.536 1.537 inquiry
1.602 1.605 1.566 nutten
1.849 1.783 1.868 ethnic
1.870 1.668 1.709 mpg
1.920 1.808 1.804 tiles
1.891 1.723 1.781 mars
1.668 1.623 1.650 alarm
1.897 1.718 1.535 scout
1.988 1.578 1.633 framed
1.514 1.536 1.586 clark
1.905 1.842 1.880 dreams
1.629 1.979 1.919 stays
1.699 1.779 1.888 unknown
1.985 1.958 1.881 belt
1.847 1.643 1.565 places
1.784 1.801 1.806 thou
1.750 1.934 1.970 clone
1.679 1.612 1.663 artwork
1.783 1.659 1.905 rage
1.502 1.541 1.631 polo
1.802 1.655 1.989 step
1.647 1.676 1.750 scout
1.622 1.881 1.511 file
1.626 1.707 1.943 posting
1.831 1.703 1.843 phase
1.688 1.505 1.623 experts
1.810 1.583 1.751 chick
1.730 1.739 1.844 sync
1.663 1.874 1.524 figure
1.548 1.867 1.675 design
1.567 1.951 1.942 badly
1.816 1.730 1.706 eagle
1.879 1.767 1.711 cnet
1.787 1.586 1.645 stood
1.971 1.978 1.673 removal
1.652 1.765 1.572 gently
1.934 1.858 1.518 fox
1.972 1.902 1.887 taxes
1.811 1.652 1.885 modular
1.636 1.504 1.596 tri
1.717 1.951 1.504 asks
1.965 1.783 1.709 door
1.672 1.517 1.555 misc
1.714 1.822 1.859 horn
1.567 1.878 1.711 rather
1.924 1.778 1.995 guilty
1.686 1.919 1.734 subject
1.603 1.957 1.701 oasis
1.850 1.635 1.547 heater
1.901 1.835 1.667 fat
1.505 1.610 1.698 macro
1.576 1.694 1.754 design
1.589 1.827 1.886 gently
1.740 1.748 1.968 beam
1.683 1.755 1.989 implies
1.615 1.891 1.522 ink
1.808 1.512 1.805 clark
1.788 1.821 1.781 aims
1.695 1.949 1.829 framed
1.620 1.950 1.549 por
1.889 1.628 1.810 abu
1.814 1.749 1.776 badly
1.733 1.580 1.611 artwork
1.910 1.545 1.659 grid
1.714 1.906 1.913 fox
1.953 1.529 1.661 quad
1.602 1.933 1.955 webcams
1.893 1.629 1.708 door
1.826 1.992 1.530 alarm
1.654 1.814 1.812 colours
1.775 1.607 1.676 xhtml
1.986 1.832 1.543 main
1.927 1.793 1.698 goat
1.703 1.990 1.779 semi
1.979 1.785 1.535 alarm
1.961 1.630 1.958 dec
1.710 1.908 1.651 street
1.588 1.731 1.905 cooking
1.726 1.501 1.942 quad
1.627 1.808 1.556 stake
1.674 1.812 1.714 cottage
1.918 1.787 1.655 inf
1.827 1.567 1.795 recipes
1.950 1.631 1.612 shall
1.725 1.890 1.592 design
1.920 1.921 1.800 misc
1.870 1.799 1.645 stake
1.820 1.603 1.767 malta
1.551 1.979 1.511 figure
1.651 1.534 1.936 warned
1.574 1.725 1.950 webcams
1.694 1.829 1.528 clone
1.814 1.780 1.829 unknown
1.567 1.883 1.845 inf
1.730 1.909 1.910 pissing
1.616 1.670 1.757 allen
1.847 1.901 1.548 pissing
1.598 1.669 1.879 bound
1.714 1.509 1.900 cricket
1.555 1.810 1.728 art
1.619 1.960 1.892 brutal
1.666 1.629 1.614 deals
1.956 1.934 1.607 recall
1.754 1.699 1.859 was
1.597 1.916 1.657 rage
1.952 1.504 1.884 merge
1.733 1.522 1.521 inquire
1.616 1.659 1.544 wit
1.737 1.680 1.825 revenge
1.910 1.851 1.955 mali
1.766 1.538 1.564 task
1.626 1.857 1.616 luxury
1.773 1.946 1.667 partly
1.627 1.849 1.550 median
1.680 1.551 1.854 prime
1.660 1.692 1.765 watched
1.806 1.550 1.801 abu
1.799 1.935 1.606 trace
1.895 1.971 1.974 cities
1.898 1.570 1.696 paste
1.706 1.742 1.774 hardly
1.643 1.503 1.724 period
1.590 1.985 1.904 ink
1.709 1.855 1.791 reno
1.852 1.877 1.658 warned
1.877 1.902 1.523 luxury
1.778 1.611 1.985 hottest
1.785 1.545 1.728 partly
1.552 1.626 1.878 church
1.861 1.514 1.510 apple
1.651 1.739 1.590 phase
1.762 1.822 1.722 thou
1.922 1.937 1.872 inquire
1.836 1.886 1.514 cnet
1.951 1.754 1.920 titles
1.724 1.557 1.864 guilty
1.632 1.969 1.571 mandate
1.577 1.902 1.681 proof
1.552 1.738 1.682 door
1.764 1.898 1.963 snap
1.562 1.617 1.829 topic
1.951 1.787 1.958 rights
1.791 1.986 1.971 warned
1.919 1.590 1.519 was
1.536 1.603 1.807 gate
1.713 1.694 1.918 cooking
1.644 1.566 1.928 rights
1.830 1.710 1.640 asks
1.525 1.756 1.845 cooking
1.872 1.946 1.749 period
1.661 1.838 1.848 file
1.604 1.605 1.966 luxury
1.575 1.635 1.575 buses
1.983 1.911 1.651 artwork
1.922 1.803 1.523 italia
1.520 1.919 1.879 fatal
1.981 1.869 1.549 snap
1.883 1.701 1.517 partly
1.725 1.589 1.947 imaging
1.636 1.840 1.771 titles
1.878 1.593 1.763 require
1.572 1.967 1.980 moses
1.541 1.561 1.672 bath
1.602 1.836 1.694 malta
1.614 1.611 1.974 call
1.849 1.743 1.543 design
1.931 1.773 1.681 polo
1.843 1.654 1.548 tiles
1.655 1.878 1.565 webcams
1.596 1.748 1.582 both
1.804 1.735 1.745 guilty
1.686 1.835 1.901 proof
1.646 1.885 1.732 badly
1.862 1.603 1.922 psp
1.972 1.810 1.828 revenge
1.914 1.672 1.787 rage
1.769 1.902 1.728 luxury
1.531 1.551 1.510 how
1.999 1.607 1.867 paste
1.926 1.749 1.746 adds
1.724 1.923 1.510 created
1.861 1.873 1.863 wit
1.635 1.822 1.832 por
1.747 1.551 1.872 created
1.652 1.732 1.694 alarm
1.939 1.712 1.797 modular
1.873 1.552 1.546 sports
1.673 1.815 1.912 arena
1.686 1.509 1.663 file
1.680 1.914 1.899 forgot
1.868 1.982 1.557 grid
1.517 1.727 1.831 number
1.550 1.947 1.902 fat
1.917 1.502 1.875 rights
1.652 1.584 1.928 framed
1.579 1.823 1.763 wit
1.601 1.609 1.915 hottest
1.922 1.891 1.947 revenge
1.812 1.936 1.598 raises
1.838 1.606 1.800 sticker
1.546 1.990 1.512 bible
1.864 1.694 1.931 sports
1.932 1.658 1.740 chest
1.721 1.776 1.768 belongs
1.574 1.846 1.680 buttons
1.905 1.760 1.637 drive
1.862 1.893 1.887 door
1.866 1.537 1.610 created
1.927 1.881 1.877 cole
1.900 1.637 1.540 deals
1.975 1.784 1.899 file
1.983 1.965 1.558 inf
1.914 1.691 1.887 oasis
1.571 1.653 1.864 sticker
1.925 1.614 1.548 door
1.831 1.628 1.656 door
1.996 1.995 1.794 figure
1.527 1.670 1.703 walked
1.880 1.919 1.517 hottest
1.600 1.563 1.736 dec
1.508 1.954 1.939 arena
1.555 1.981 1.616 swim
1.596 1.946 1.894 tgp
1.666 1.578 1.816 walked
1.899 1.806 1.707 gate
1.510 1.755 1.782 dreams
1.940 1.945 1.952 buttons
1.530 1.814 1.694 wishing
1.816 1.780 1.780 stays
1.540 1.509 1.594 ink
1.588 1.533 1.593 shall
1.624 1.966 1.655 kennedy
1.562 1.906 1.823 swim
1.939 1.660 1.721 places
1.723 1.802 1.768 task
1.882 1.584 1.517 healthy
1.796 1.602 1.740 arena
1.680 1.834 1.942 bound
1.908 1.953 1.589 tiles
1.975 1.955 1.770 oasis
1.944 1.805 1.873 rights
1.800 1.766 1.864 pissing
1.885 1.880 1.934 imaging
1.800 1.870 1.546 dec
1.894 1.718 1.712 shall
1.630 1.778 1.852 incest
1.935 1.773 1.599 swim
1.839 1.672 1.640 rather
1.654 1.840 1.737 runtime
1.536 1.766 1.766 swim
1.672 1.656 1.698 legs
1.747 1.937 1.668 heather
1.776 1.882 1.515 ethnic
1.836 1.695 1.949 swim
1.713 1.972 1.508 mali
1.791 1.986 1.977 enter
1.952 1.896 1.867 buttons
1.854 1.791 1.838 len
1.870 1.662 1.749 guilty
1.962 1.677 1.922 ink
1.645 1.656 1.698 dreams
1.569 1.782 1.821 alarm
1.506 1.572 1.561 grid
1.920 1.640 1.805 polo
1.522 1.728 1.956 operate
1.568 1.741 1.998 reno
1.998 1.646 1.936 rather
1.662 1.843 1.912 main
1.800 1.628 1.678 operate
1.603 1.670 1.851 topic
1.963 1.881 1.727 forgot
1.603 1.792 1.806 asks
1.954 1.736 1.681 heater
1.612 1.933 1.822 colours
1.611 1.752 1.827 median
1.541 1.506 1.605 created
1.703 1.978 1.589 cooking
1.590 1.734 1.923 was
1.992 1.832 1.530 until
1.560 1.898 1.565 cricket
1.981 1.931 1.650 scout
1.596 1.631 1.742 heather
1.771 1.703 1.824 xhtml
1.631 1.981 1.502 shirts
1.891 1.870 1.996 recipes
1.874 1.859 1.923 saudi
1.615 1.603 1.985 beam
1.924 1.926 1.789 miss
1.617 1.748 1.852 dec
1.903 1.684 1.901 sync
1.844 1.677 1.681 italia
1.584 1.649 1.748 tone
1.712 1.990 1.906 stake
1.630 1.543 1.577 beam
1.831 1.717 1.916 rhythm
1.945 1.734 1.748 press
1.837 1.921 1.770 grid
1.770 1.943 1.627 posting
1.646 1.984 1.855 main
1.659 1.928 1.933 chick
1.972 1.838 1.750 hardly
1.646 1.893 1.787 watched
1.512 1.814 1.759 gate
1.783 1.675 1.780 lace
1.652 1.577 1.912 oasis
1.572 1.965 1.845 stood
1.943 1.845 1.768 wit
1.745 1.684 1.894 adds
1.953 1.662 1.836 coins
1.974 1.950 1.501 belt
1.681 1.660 1.888 inquiry
1.564 1.880 1.593 stood
1.920 1.535 1.791 entered
1.980 1.673 1.663 slight
1.801 1.578 1.839 oasis
1.941 1.647 1.682 bible
1.644 1.664 1.996 recall
1.636 1.594 1.668 topics
1.639 1.503 1.976 aims
1.695 1.521 1.717 kennedy
1.881 1.522 1.720 muslims
1.745 1.914 1.872 len
1.713 1.666 1.925 apple
1.863 1.684 1.919 rather
1.664 1.603 1.936 phase
1.895 1.568 1.936 snap
1.819 1.544 1.951 basin
1.766 1.864 1.574 grid
1.576 1.622 1.658 careers
1.542 1.564 1.764 their
1.591 1.669 1.806 how
1.947 1.568 1.814 church
1.712 1.946 1.723 abu
1.591 1.992 1.652 beam
1.962 1.742 1.973 stays
1.570 1.577 1.615 horn
1.888 1.600 1.858 main
1.720 1.987 1.711 cloud
1.927 1.685 1.880 entered
1.908 1.841 1.827 main
1.958 1.905 1.656 tone
1.679 1.530 1.556 incest
1.546 1.934 1.985 ati
1.578 1.665 1.980 paste
1.796 1.877 1.782 dreams
1.744 1.965 1.942 was
1.703 1.992 1.597 belt
1.515 1.554 1.980 both
1.830 1.532 1.840 unknown
1.669 1.916 1.629 markets
1.748 1.584 1.548 partly
1.511 1.577 1.744 street
1.896 1.879 1.614 macro
1.947 1.968 1.547 street
1.597 1.635 1.571 file
1.671 1.817 1.637 proof
1.792 1.939 1.690 drive
1.901 1.604 1.622 main
1.631 1.976 1.559 forums
1.858 1.528 1.666 proof
1.567 1.762 1.983 apple
1.709 1.587 1.817 coins
1.822 1.568 1.951 gate
1.891 1.987 1.654 inquiry
1.801 1.690 1.852 cities
1.766 1.917 1.535 pattern
1.841 1.872 1.630 created
1.725 1.638 1.960 belkin
1.693 1.665 1.801 chest
1.709 1.584 1.930 till
1.708 1.508 1.679 stood
1.714 1.717 1.665 healthy
1.613 1.837 1.725 call
1.601 1.711 1.732 arena
1.683 1.711 1.982 psp
1.729 1.695 1.899 rage
1.507 1.530 1.737 task
1.951 1.670 1.627 hottest
1.857 1.640 1.983 sticker
1.795 1.888 1.634 curve
1.606 1.521 1.741 saddam
1.559 1.592 1.713 imaging
1.694 1.970 1.958 xhtml
1.949 1.968 1.779 stood
1.859 1.638 1.671 art
1.780 1.537 1.978 heather
1.878 1.890 1.683 mpg
1.758 1.660 1.916 saddam
1.516 1.720 1.624 grid
1.656 1.941 1.831 heather
1.998 1.992 1.954 phase
1.955 1.956 1.889 inquiry
1.630 1.735 1.968 watched
1.937 1.806 1.543 walked
1.593 1.731 1.512 says
1.563 1.551 1.667 por
1.583 1.941 1.581 cloud
1.935 1.603 1.723 incest
1.752 1.881 1.806 tgp
1.894 1.983 1.864 clone
1.615 1.984 1.714 cricket
1.525 1.709 1.756 markets
1.968 1.944 1.702 modular
1.617 1.670 1.892 soon
1.502 1.641 1.796 careers
1.691 1.798 1.786 art
1.721 1.581 1.566 beam
1.981 1.956 1.511 expired
1.870 1.661 1.762 rage
1.565 1.685 1.578 polo
1.753 1.685 1.558 file
1.821 1.916 1.802 xhtml
1.855 1.936 1.807 asks
1.973 1.781 1.662 ati
1.657 1.754 1.887 horn
1.610 1.804 1.815 task
1.945 1.874 1.586 malta
1.876 1.993 1.884 luxury
1.683 1.634 1.907 slight
1.831 1.881 1.864 mexican
1.735 1.912 1.899 mali
1.828 1.947 1.548 walked
1.745 1.690 1.906 gate
1.636 1.804 1.653 rhythm
1.553 1.941 1.880 rage
1.514 1.648 1.541 was
1.540 1.585 1.782 merge
1.536 1.624 1.597 stood
1.958 1.909 1.757 dec
1.782 1.621 1.790 careers
1.895 1.995 1.976 partly
1.778 1.849 1.657 merge
1.515 1.804 1.824 healthy
1.558 1.949 1.873 fatal
1.793 1.807 1.898 sports
1.794 1.618 1.984 walked
1.880 1.671 1.853 expired
1.817 1.790 1.528 inquiry
1.879 1.915 1.783 semi
1.603 1.848 1.851 proof
1.836 1.545 1.975 fox
1.926 1.922 1.808 badly
1.857 1.592 1.904 mandate
1.636 1.806 1.698 topic
1.720 1.838 1.587 nursing
1.840 1.945 1.880 watched
1.658 1.811 1.588 cooking
1.514 1.592 1.697 drive
1.643 1.556 1.669 task
1.957 1.986 1.601 places
1.522 1.697 1.998 prime
1.978 1.514 1.847 removal
1.847 1.968 1.742 step
1.669 1.535 1.780 mali
1.917 1.586 1.962 till
1.828 1.994 1.559 play
1.831 1.534 1.729 recipes
1.917 1.656 1.625 macro
1.873 1.956 1.771 wishing
1.978 1.868 1.947 bath
1.916 1.613 1.938 artwork
1.662 1.918 1.709 main
1.925 1.666 1.537 forums
1.714 1.937 1.667 till
1.763 1.757 1.676 shall
1.513 1.822 1.644 tone
1.700 1.676 1.519 taxes
1.934 1.697 1.751 mali
1.922 1.988 1.773 phone
1.576 1.734 1.701 macro
1.719 1.834 1.999 step
1.598 1.732 1.829 how
1.550 1.887 1.644 walked
1.754 1.573 1.846 fired
1.919 1.714 1.829 artwork
1.707 1.693 1.504 snap
1.655 1.824 1.545 fatal
1.667 1.588 1.563 forums
1.635 1.791 1.901 titles
1.598 1.609 1.603 inquire
1.729 1.615 1.856 miss
1.837 1.999 1.782 colours
1.690 1.503 1.528 bible
1.657 1.776 1.717 bound
1.642 1.667 1.745 clone
1.792 1.880 1.541 fired
1.531 1.903 1.739 operate
1.688 1.906 1.670 beam
1.995 1.912 1.848 art
1.530 1.875 1.572 basin
1.638 1.853 1.543 grid
1.703 1.576 1.978 psp
1.694 1.791 1.517 cricket
1.594 1.863 1.874 artwork
1.614 1.791 1.947 soon
1.712 1.816 1.601 modular
1.939 1.998 1.857 metric
1.770 1.863 1.754 por
1.807 1.846 1.787 removal
1.898 1.529 1.643 saudi
1.623 1.731 1.659 dreams
1.530 1.859 1.825 cloud
1.885 1.867 1.621 fat
1.998 1.713 1.733 inquire
1.589 1.904 1.573 malta
1.807 1.917 1.620 how
1.861 1.691 1.860 belt
1.686 1.578 1.643 italia
1.870 1.556 1.592 trace
1.837 1.862 1.577 xhtml
1.606 1.851 1.586 coins
1.908 1.906 1.865 slight
1.865 1.681 1.770 posting
1.621 1.956 1.826 mexican
1.507 1.848 1.628 prime
1.968 1.573 1.626 ink
1.739 1.827 1.561 belt
1.975 1.802 1.775 moses
1.691 1.891 1.867 paste
1.519 1.715 1.630 artwork
1.751 1.970 1.958 file
1.889 1.946 1.684 implies
1.833 1.813 1.901 lace
1.625 1.690 1.896 heater
1.556 1.687 1.767 claim
1.532 1.562 1.967 wit
1.923 1.868 1.794 mandate
1.569 1.537 1.738 cloud
1.988 1.952 1.752 phase
1.694 1.520 1.543 posting
1.878 1.886 1.749 brutal
1.771 1.911 1.699 nutten
1.504 1.640 1.519 gate
2.000 1.884 1.608 psp
1.504 1.570 1.600 webcams
1.682 1.728 1.995 metric
1.894 1.734 1.779 proof
1.810 1.927 1.924 tone
1.916 1.907 1.973 bible
1.910 1.771 1.657 topic
1.992 1.970 1.504 sticker
1.899 1.728 1.888 figure
1.802 1.531 1.696 asks
1.545 1.611 1.823 len
1.625 1.556 1.624 saudi
1.796 1.609 1.823 deals
1.799 1.675 1.685 metric
1.813 1.632 1.902 kennedy
1.940 1.852 1.509 operate
1.581 1.865 1.724 grid
1.889 1.834 1.936 bible
1.895 1.670 1.597 street
1.821 1.975 1.683 aims
1.860 1.598 1.820 tiles
1.625 1.983 1.816 energy
1.627 1.530 1.977 says
1.930 1.658 1.582 was
1.937 1.704 1.542 healthy
1.695 1.622 1.562 raises
1.606 1.629 1.523 claim
1.753 1.615 1.586 buses
1.705 1.677 1.687 gays
1.715 1.836 1.961 lead
1.723 1.717 1.882 require
1.678 1.949 1.517 shirts
1.577 1.956 1.501 misc
1.913 1.806 1.982 mexican
1.692 1.854 1.976 reno
1.661 1.760 1.759 alarm
1.861 1.821 1.816 misc
1.964 1.528 1.633 sticky
1.613 1.828 1.642 tgp
1.913 1.643 1.875 shirts
1.912 1.851 1.839 webcams
1.511 1.692 1.551 partly
1.702 1.864 1.875 grid
1.579 1.985 1.524 press
1.967 1.875 1.889 anxiety
1.616 1.620 1.753 buttons
1.674 1.719 1.554 shirts
1.970 1.819 1.603 allen
1.660 1.804 1.881 polo
1.966 1.801 1.739 horn
1.834 1.859 1.604 watched
1.687 1.853 1.920 warned
1.663 1.629 1.707 mexican
1.945 1.905 1.861 task
1.904 1.548 1.968 imaging
1.801 1.850 1.638 modular
1.809 1.932 1.616 moses
1.672 1.570 1.904 scout
1.592 1.818 1.604 belt
1.979 1.891 1.914 wishing
1.758 1.651 1.623 shirts
1.710 1.630 1.946 reno
1.589 1.579 1.819 clone
1.987 1.566 1.511 coins
1.814 1.504 1.609 forgot
1.573 1.784 1.866 pop
1.669 1.617 1.826 saudi
1.719 1.976 1.794 inquiry
1.515 1.838 1.900 posting
1.975 1.788 1.690 basin
1.667 1.596 1.835 luxury
1.814 1.521 1.607 cities
1.873 1.692 1.896 created
1.578 1.774 1.523 rather
1.868 1.715 1.502 swim
1.819 1.705 1.612 gays
1.765 1.992 1.572 stood
1.852 1.581 1.601 heater
1.562 1.803 1.905 removal
1.548 1.802 1.549 muslims
1.862 1.977 1.884 mexican
1.797 1.840 1.517 subject
1.922 1.700 1.659 places
1.596 1.739 1.989 ati
1.646 1.860 1.848 median
1.661 1.787 1.752 street
1.851 1.718 1.688 modular
1.973 1.594 1.629 xhtml
1.597 1.880 1.979 gate
1.599 1.797 1.793 walked
1.938 1.634 1.847 eagle
1.664 1.747 1.919 miss
1.599 1.643 1.979 markets
1.705 1.712 1.559 stays
1.601 1.562 1.558 ati
1.596 1.517 1.664 fired
1.879 1.503 1.852 merge
1.740 1.657 1.841 malta
1.836 1.771 1.881 shall
1.557 1.877 1.540 require
1.899 1.617 1.572 placing
1.598 1.964 1.572 psp
1.595 1.988 1.621 framed
1.757 1.970 1.659 colours
1.795 1.665 1.769 art
1.625 1.773 1.969 len
1.937 1.638 1.788 grid
1.804 1.632 1.888 created
1.872 1.522 1.566 main
1.641 1.662 1.829 their
1.868 1.987 1.700 entered
1.979 1.634 1.742 deals
1.681 1.954 1.812 misc
1.947 1.923 1.813 luxury
1.695 1.900 1.774 sleeve
1.782 1.530 1.907 main
1.663 1.839 1.778 experts
1.560 1.609 1.530 deals
1.715 1.641 1.811 semi
1.771 1.638 1.538 inquire
1.766 1.851 1.598 belkin
1.974 1.515 1.957 bible
1.982 1.646 1.675 press
1.607 1.706 1.986 arena
1.984 1.742 1.795 press
1.586 1.860 1.518 created
1.646 1.696 1.679 kennedy
1.627 1.520 1.593 call
1.867 1.731 1.852 require
1.538 1.523 1.839 sticky
1.873 1.553 1.725 shall
1.812 1.581 1.732 reno
1.870 1.935 1.904 aims
1.607 1.730 1.507 removal
1.716 1.792 1.895 pissing
1.744 1.762 1.596 tri
1.909 1.676 1.961 call
1.764 1.794 1.825 oasis
1.598 1.669 1.721 folder
1.791 1.510 1.802 belkin
1.921 1.602 1.767 cooking
1.574 1.999 1.966 webcams
1.880 1.772 1.988 bound
1.604 1.973 1.538 anxiety
1.649 1.636 1.671 aims
1.554 1.838 1.707 healthy
1.521 1.684 1.827 scout
1.998 1.585 1.925 entered
1.991 1.619 1.970 dec
1.993 1.516 1.530 artwork
1.695 1.528 1.540 framed
1.835 1.835 1.631 heather
1.558 1.650 1.941 mars
1.836 1.527 1.501 misc
1.834 1.908 1.531 pissing
1.527 1.554 1.666 metric
1.833 1.583 1.920 cole
2.000 1.621 1.898 fat
1.598 1.883 1.991 sticker
1.986 1.759 1.770 cities
1.801 1.522 1.968 colours
1.568 1.553 1.903 scout
1.915 1.762 1.742 ati
1.973 1.673 1.949 buttons
1.855 1.652 1.908 artwork
1.509 1.977 1.878 saudi
1.688 1.831 1.631 pop
1.865 1.556 1.576 stake
1.728 1.586 1.521 swim
1.767 1.663 1.720 cooking
1.846 1.599 1.960 sticky
1.717 1.873 1.605 removal
1.577 1.589 1.633 oasis
1.880 1.882 1.860 trace
1.753 1.539 1.883 malta
1.866 1.663 1.798 rather
1.987 1.654 1.776 miss
1.788 1.828 1.946 cities
1.723 1.708 1.579 main
1.678 1.566 1.850 folder
1.966 1.614 1.863 believe
1.691 1.809 1.532 belongs
1.821 1.659 1.575 coins
1.583 1.505 1.817 tiles
1.566 1.957 1.802 hardly
1.520 1.757 1.851 polo
1.909 1.850 1.624 entered
1.982 1.565 1.675 malta
1.760 1.726 1.850 goat
1.816 1.796 1.533 cricket
1.639 1.549 1.919 how
1.963 1.521 1.602 alarm
1.970 1.969 1.807 len
1.839 1.985 1.621 mars
1.675 1.501 1.895 cricket
1.994 1.821 1.848 cnet
1.616 1.575 1.827 gently
1.678 1.739 1.927 ink
1.806 1.506 1.885 operate
1.892 1.769 1.605 folder
1.778 1.795 1.734 semi
1.962 1.914 1.692 abu
1.600 1.980 1.579 mandate
1.830 1.658 1.865 legs
1.537 1.572 1.951 tiles
1.660 1.601 1.609 implies
1.542 1.542 1.629 inquiry
1.994 1.652 1.621 art
1.812 1.980 1.602 framed
1.892 1.621 1.888 sync
1.852 1.991 1.718 figure
1.942 1.599 1.597 titles
1.790 1.894 1.766 heater
1.839 1.832 1.881 forums
1.701 1.690 1.780 cole
1.584 1.825 1.846 until
1.710 1.714 1.534 was
1.622 1.851 1.734 energy
1.830 1.562 1.527 quad
1.700 1.767 1.773 asks
1.809 1.665 1.522 hottest
1.667 1.870 1.751 pattern
1.664 1.660 1.653 church
1.708 1.670 1.667 slight
1.828 1.876 1.960 period
1.833 1.858 1.774 expired
1.828 1.835 1.977 pop
1.917 1.560 1.814 dec
1.871 1.660 1.925 luxury
1.871 1.661 1.951 was
1.597 1.679 1.692 oasis
1.589 1.962 1.796 shall
1.542 1.856 1.798 warned
1.617 1.673 1.853 operate
1.881 1.897 1.706 forums
1.667 1.984 1.774 lead
1.545 1.938 1.535 goat
1.790 1.989 1.904 require
1.813 1.921 1.904 operate
1.543 1.971 1.738 forums
1.599 1.939 1.895 belongs
1.601 1.789 1.661 healthy
1.743 1.743 1.609 curve
1.584 1.712 1.808 basin
1.908 1.657 1.693 clark
1.993 1.803 1.735 cloud
1.913 1.659 1.879 stays
1.587 1.642 1.899 basin
1.742 1.859 1.544 coins
1.978 1.629 1.837 sleeve
1.677 1.888 1.777 tiles
1.779 1.916 1.711 experts
1.573 1.918 1.502 call
1.850 1.867 1.681 springs
1.859 1.635 1.599 mandate
1.746 1.836 1.818 luxury
1.614 1.648 1.780 legs
1.768 1.635 1.551 fat
1.931 1.503 1.799 watched
1.579 1.934 1.954 require
1.772 1.512 1.724 call
1.943 1.558 1.722 shall
1.829 1.746 1.954 mating
1.607 1.855 1.551 thou
1.595 1.838 1.796 wit
1.822 1.806 1.683 cnet
1.741 1.680 1.834 expired
1.775 1.937 1.859 buttons
1.808 1.987 1.917 hottest
1.624 1.597 1.778 framed
1.587 1.595 1.572 street
1.546 1.542 1.999 nursing
1.656 1.951 1.933 shall
1.851 1.916 1.970 clark
1.746 1.779 1.697 anxiety
1.801 1.672 1.982 prime
1.617 1.932 1.827 kennedy
1.987 1.559 1.561 grid
1.963 1.936 1.854 belt
1.555 1.634 1.837 mexican
1.956 1.807 1.656 pattern
1.752 1.850 1.815 dec
1.920 1.672 1.711 titles
1.709 1.942 1.510 their
1.661 1.913 1.985 tri
1.849 1.681 1.629 taxes
1.812 1.921 1.759 till
1.729 1.548 1.688 was
1.875 1.989 1.641 luxury
1.578 1.638 1.758 springs
1.618 1.769 1.848 forgot
1.539 1.767 1.858 gate
1.791 1.955 1.738 mandate
1.810 1.861 1.967 prime
1.707 1.853 1.900 belt
1.541 1.906 1.565 experts
1.925 1.852 1.520 luxury
1.865 1.960 1.971 aims
1.566 1.772 1.639 rhythm
1.718 1.922 1.512 chest
1.843 1.756 1.697 gate
1.972 1.612 1.891 colours
1.713 1.814 1.974 ethnic
1.626 1.696 1.630 heater
1.793 1.632 1.926 psp
1.686 1.956 1.822 fat
1.618 1.834 1.698 revenge
1.678 1.559 1.672 step
1.655 1.701 1.854 kennedy
1.545 1.777 1.832 thou
1.769 1.519 1.982 deals
1.620 1.651 1.745 incest
1.863 1.633 1.586 tgp
1.887 1.636 1.622 malta
1.558 1.584 1.561 xhtml
1.648 1.557 1.722 runtime
1.987 1.588 1.674 places
1.767 1.623 1.600 luxury
1.519 1.599 1.673 inquiry
1.624 1.730 1.988 design
1.957 1.686 1.918 street
1.785 1.851 1.706 por
1.841 1.903 1.894 kennedy
1.686 1.538 1.515 sticker
1.641 1.734 1.593 both
1.661 1.859 1.791 enter
1.747 1.724 1.685 cottage
1.680 1.660 1.823 folder
1.697 1.720 1.744 paste
1.844 1.556 1.942 luxury
1.617 1.923 1.660 colours
1.857 1.630 1.733 belt
1.733 1.992 1.791 disable
1.668 1.859 1.659 drive
1.621 1.755 1.847 walked
1.926 1.679 1.965 brutal
1.585 1.698 1.527 proof
1.945 1.726 1.973 believe
1.872 1.855 1.735 thou
1.811 1.939 1.573 buses
1.879 1.620 1.630 lead
1.739 1.885 1.656 belongs
1.923 1.937 1.860 slight
1.767 1.851 1.577 pissing
1.908 1.605 1.985 cole
1.924 1.889 1.811 phone
1.555 1.779 1.564 created
1.600 1.895 1.670 places
1.500 1.632 1.544 trace
1.770 1.784 1.690 warned
1.573 1.908 1.888 says
1.990 1.939 1.895 task
1.973 1.642 1.548 play
1.682 1.977 1.931 bath
1.508 1.624 1.767 horn
1.504 1.926 1.558 stake
1.503 1.831 1.998 tone
1.649 1.792 1.580 forums
1.722 1.717 1.770 luxury
1.633 1.520 1.616 drive
1.704 1.967 1.743 gently
1.582 1.542 1.712 moses
1.574 1.809 1.560 heather
1.835 1.583 1.834 cities
1.900 1.509 1.708 stake
1.937 1.992 1.671 moses
1.513 1.818 1.811 cole
1.888 1.988 1.980 gate
1.985 1.617 1.959 median
1.511 1.871 1.932 step
1.903 1.842 1.506 brutal
1.548 1.959 1.588 inquire
1.550 1.976 1.632 incest
1.619 1.765 1.595 nursing
1.895 1.745 1.789 claim
1.857 1.920 1.777 period
1.528 1.812 1.657 rather
1.937 1.608 1.709 gained
1.984 1.524 1.728 artwork
1.774 1.569 1.900 guilty
1.908 1.841 1.594 prime
1.899 1.889 1.501 markets
1.664 1.993 1.876 ati
1.776 1.649 1.668 fox
1.576 1.748 1.867 badly
1.699 1.865 1.686 shall
1.536 1.505 1.640 runtime
1.744 1.829 1.523 ati
1.870 1.845 1.733 implies
1.662 1.774 1.647 drive
1.620 1.954 1.943 mating
1.891 1.901 1.674 abu
1.973 1.519 1.941 mexican
1.764 1.599 1.965 tone
1.752 1.513 1.994 brutal
1.690 1.669 1.916 cities
1.730 1.953 1.807 miss
1.970 1.954 1.559 claim
1.645 1.876 1.521 sports
1.542 1.830 1.601 expired
1.749 1.617 1.710 anxiety
1.549 1.860 1.858 shall
1.854 1.655 1.891 psp
1.678 1.795 1.593 grid
1.733 1.550 1.839 arena
1.881 1.956 1.900 believe
1.916 1.707 1.939 legs
1.615 1.905 1.957 moses
1.933 1.725 1.733 modular
1.517 1.697 1.949 belkin
1.576 1.738 1.502 badly
1.831 1.898 1.953 subject
1.658 1.761 1.662 mating
1.540 1.683 1.982 was
1.728 1.638 1.979 artwork
1.707 1.826 1.979 belt
1.881 1.842 1.984 stood
1.920 1.625 1.710 buttons
1.647 1.584 1.617 goat
1.995 1.559 1.638 shall
1.890 1.916 1.890 xhtml
1.860 1.755 1.973 stays
1.514 1.749 1.818 main
1.956 1.605 1.949 stays
1.715 1.730 1.600 cooking
1.714 1.999 1.598 apple
1.719 1.716 1.986 macro
1.745 1.795 1.822 sync
1.510 1.701 1.988 task
1.757 1.808 1.715 period
1.840 1.681 1.682 quad
1.704 1.776 1.821 claim
1.888 1.604 1.790 main
1.653 1.503 1.687 imaging
1.507 1.844 1.759 number
1.918 1.608 1.942 buttons
1.943 1.742 1.579 chick
1.608 1.874 1.702 mpg
1.851 1.673 1.844 cnet
1.599 1.638 1.726 claim
1.632 1.820 1.904 partly
1.644 1.601 1.949 fatal
1.581 1.949 1.593 macro
1.729 1.671 1.799 taxes
1.682 1.549 1.826 alarm
1.859 1.702 1.661 pattern
1.767 1.600 1.707 energy
1.537 1.634 1.820 miss
1.631 1.711 1.746 semi
1.534 1.625 1.606 abu
1.621 1.715 1.793 fat
1.510 1.662 1.546 beam
1.997 1.909 1.720 fox
1.831 1.595 1.894 proof
1.755 1.656 1.505 muslims
1.581 1.819 1.952 bible
1.561 1.675 1.739 topics
1.824 1.904 1.854 folder
1.948 1.519 1.975 art
1.947 1.774 1.706 careers
1.610 1.635 1.646 experts
1.541 1.902 1.915 belongs
1.787 1.668 1.745 rage
1.930 1.786 1.648 framed
1.729 1.807 1.736 paste
1.819 1.779 1.967 cities
1.614 1.811 1.635 beam
1.825 1.614 1.594 require
1.921 1.547 1.652 fox
1.645 1.795 1.608 slight
1.965 1.836 1.832 cities
1.931 1.861 1.737 rage
1.590 1.793 1.768 implies
1.574 1.847 1.795 unknown
1.617 1.563 1.534 wishing
1.538 1.932 1.705 saddam
1.569 1.797 1.970 beam
1.709 1.902 1.805 aims
1.657 1.951 1.834 fellow
1.790 1.628 1.638 fat
1.823 1.750 1.771 mexican
1.989 1.942 1.951 clone
1.851 1.597 1.777 revenge
1.643 1.588 1.860 disable
1.604 1.710 1.697 sticky
1.698 1.524 1.960 sync
1.999 1.536 1.964 careers
1.639 1.835 1.774 gate
1.682 1.577 1.509 placing
1.661 1.970 1.820 church
1.886 1.920 1.991 wishing
1.818 1.774 1.930 deals
1.847 1.951 1.649 fox
1.941 1.820 1.947 stays
1.559 1.924 1.656 paste
1.904 1.563 1.627 dec
1.771 1.848 1.918 sync
1.950 1.655 1.889 eagle
1.549 1.692 1.553 shirts
1.788 1.614 1.719 fellow
1.919 1.646 1.846 ink
1.604 1.597 1.590 healthy
1.801 1.643 1.713 experts
1.532 1.535 1.804 goat
1.947 1.722 1.837 raises
1.585 1.591 1.852 says
1.670 1.885 1.939 sticky
1.910 1.505 1.962 xhtml
1.850 1.980 1.639 scout
1.615 1.619 1.795 quad
1.739 1.998 1.710 gained
1.755 1.670 1.970 allen
1.936 1.818 1.753 stays
1.731 1.579 1.968 apple
1.508 1.629 1.893 cottage
1.739 1.885 1.832 framed
1.899 1.623 1.780 lead
1.718 1.607 1.556 arena
1.644 1.762 1.548 horn
1.866 1.782 1.806 gained
1.565 1.606 1.810 polo
1.551 1.801 1.551 psp
1.513 1.861 1.589 step
1.935 1.933 1.881 macro
1.733 1.834 1.851 incest
1.807 1.548 1.984 created
1.659 1.771 1.599 artwork
1.899 1.999 1.757 experts
1.746 1.654 1.845 number
1.959 1.934 1.924 asks
1.563 1.566 1.600 mali
1.765 1.637 1.509 brutal
1.582 1.681 1.527 cnet
1.886 1.986 1.688 gained
1.547 1.560 1.512 soon
1.731 1.900 1.795 cities
1.619 1.604 1.838 nursing
1.749 1.979 1.518 ink
1.717 1.792 1.615 subject
1.594 1.997 1.536 belkin
1.661 1.992 1.634 how
1.580 1.747 1.830 recall
1.625 1.520 1.842 stood
1.587 1.676 1.857 number
1.845 1.783 1.926 moses
1.948 1.969 1.968 revenge
1.507 1.936 1.708 polo
1.593 1.672 1.649 buttons
1.796 1.611 1.557 mating
1.529 1.618 1.755 door
1.678 1.578 1.758 period
1.698 1.507 1.510 cities
1.760 1.697 1.913 aims
1.621 1.648 1.891 anxiety
1.838 1.957 1.570 dec
1.515 1.574 1.809 energy
1.633 1.624 1.556 heater
1.580 1.949 1.790 says
1.650 1.621 1.848 figure
1.947 1.582 1.751 alarm
1.963 1.635 1.828 paste
1.746 1.961 1.762 beam
1.762 1.883 1.834 wishing
1.757 1.617 1.519 partly
1.639 1.754 1.923 slight
1.940 1.752 1.712 ink
1.592 1.665 1.665 gate
1.993 1.659 1.624 markets
1.837 1.550 1.793 alarm
1.984 1.804 1.538 modular
1.984 1.578 1.549 asks
1.655 1.988 1.946 gently
1.621 1.542 1.982 forgot
1.500 1.569 1.613 door
1.922 1.685 1.509 press
1.861 1.711 1.573 saddam
1.995 1.511 1.735 horn
1.975 1.768 1.895 swim
1.651 1.977 1.656 watched
1.995 1.980 1.842 figure
.