493.467 647.269 -72.513 luxury
447.651 639.254 -5.706 gulf
-87.182 -562.689 23.605 kiss
-509.774 494.893 -56.386 finland
126.033 795.481 -390.106 extras
-996.436 485.287 635.126 mexican
-502.854 -691.817 -664.743 numeric
214.872 -558.743 -937.468 edgar
596.568 -18.465 677.633 rebates
391.695 235.713 737.754 angle
933.730 -854.242 45.799 pope
206.013 -457.336 120.452 duck
56.154 -606.344 674.280 intl
792.851 468.765 -715.715 website
144.505 227.915 302.236 ghost
-488.247 426.404 -791.675 where
0.585 -477.944 366.863 briefly
209.797 778.877 978.557 resume
801.329 -970.938 -505.632 beatles
-957.877 214.066 626.671 perfume
826.272 -154.618 18.052 lock
-338.646 791.838 -264.738 disney
53.925 -31.887 -910.046 castle
-476.674 -959.508 607.156 ending
19.490 884.468 -127.592 arctic
-659.104 -558.248 -362.967 outside
-827.183 -291.442 933.625 patient
-385.796 397.957 743.777 plug
790.403 926.817 -843.116 mpeg
325.379 172.309 -279.132 michel
-738.096 374.964 -603.995 segment
477.069 -115.456 726.560 baghdad
-711.409 -774.999 263.488 dir
182.287 298.694 525.264 dresses
-993.254 -711.751 -835.153 permit
-174.865 -900.627 542.593 solomon
-992.592 649.407 -983.732 apps
187.042 -425.054 250.500 gale
975.713 -129.353 449.249 pod
994.590 -724.644 576.493 latinas
-497.602 488.200 -453.384 strange
-498.063 610.586 -647.732 bills
577.084 -249.825 -962.375 phrases
-917.758 -929.268 742.369 poly
822.087 651.050 713.211 permits
796.423 -660.834 740.778 api
-283.933 -654.395 640.390 dolls
137.555 41.982 -226.078 invited
-957.343 197.879 954.432 carey
-772.719 853.615 465.707 cop
-139.239 -343.509 515.040 find
219.751 -33.480 692.060 classes
554.408 777.656 -841.629 gang
554.846 912.582 247.567 actual
-408.255 -840.260 719.209 sing
-69.545 -496.384 -459.520 just
249.904 931.737 716.209 graphic
365.474 343.552 425.010 rebound
823.040 672.739 -254.458 galaxy
235.676 973.104 -364.224 leg
675.138 -530.016 -665.097 jessica
665.581 -891.035 660.157 beam
839.696 846.884 -175.376 elite
-134.468 941.758 726.517 dry
-334.527 808.591 -870.594 plays
-711.704 -83.142 -204.345 hit
606.778 821.161 -84.203 rice
330.805 -228.924 -346.362 layout
951.535 291.719 500.898 fingers
-382.554 -916.513 -634.627 became
451.888 -585.962 -862.415 persons
-675.079 -760.719 820.026 boc
172.299 383.980 -430.967 about
720.702 495.771 465.549 burns
-955.945 823.467 324.556 howard
608.380 655.088 891.254 monday
628.510 906.439 371.337 rare
-585.660 650.012 -770.448 gem
746.540 905.476 604.787 signed
-466.548 482.993 400.258 moon
101.686 98.875 859.241 burns
764.255 535.158 -269.812 guru
199.322 556.225 -810.794 bread
204.715 -427.317 -380.785 myers
184.423 -91.438 -75.725 logs
-1.047 -36.622 -556.111 vessels
791.945 197.770 -403.847 sparc
778.537 22.644 -236.027 found
187.567 215.811 175.758 whom
696.518 -383.703 966.820 guides
-182.111 -992.208 -202.813 isa
723.836 -323.661 -301.013 ben
30.615 -930.026 473.050 examine
302.336 519.662 -830.833 halifax
-602.348 367.914 -602.836 timely
945.952 519.986 322.096 was
562.535 588.386 219.485 syria
606.635 781.429 -417.243 min
219.520 178.422 -504.991 michael
209.906 -751.360 700.536 able
170.500 291.261 131.603 banned
-715.339 -608.522 469.465 cookie
-268.853 -302.596 405.212 lazy
860.796 -227.188 -719.957 passed
-469.892 -731.283 402.674 warren
-179.142 -877.818 115.715 blacks
76.614 -458.566 363.730 secret
-564.856 522.262 122.563 rapidly
-422.216 500.282 281.358 url
-839.303 -588.079 600.863 mls
722.200 -771.618 310.005 statute
29.168 943.992 942.645 jimmy
-356.800 4.254 919.701 bike
-608.394 -195.748 522.114 degrees
-357.288 924.454 358.791 panels
435.182 -839.145 739.238 entries
651.240 -618.040 435.534 submit
70.635 -112.102 -914.115 tourist
-146.776 -36.786 -377.269 wedding
-106.973 -752.076 -315.516 mileage
-65.051 -954.322 2.357 narrow
708.399 -399.968 -380.169 moved
-822.788 -568.267 968.322 mag
909.637 -258.217 -56.686 sony
-550.361 -69.343 -964.527 divide
507.091 -455.375 442.653 shemale
591.221 -458.912 257.252 alias
-378.595 894.301 183.913 genre
-332.992 73.460 -689.137 finally
148.293 -960.356 -986.713 hence
-633.356 461.780 -142.216 quickly
-648.387 107.405 -827.660 finland
-193.832 -270.593 -903.216 reed
-936.491 -954.490 -751.832 tsunami
-665.656 576.582 -0.837 moses
780.428 312.903 685.759 cayman
286.263 -461.298 -638.706 ray
-719.414 34.361 -154.271 fruit
778.384 -4.315 913.666 eur
-818.367 -671.565 -982.191 mit
-175.482 691.915 -84.620 soon
234.223 -152.626 -885.380 reform
-794.429 -86.505 -91.428 ver
-385.730 373.076 -536.296 artists
-965.814 -141.391 999.456 sure
811.365 -935.277 -830.896 primary
-965.643 769.534 850.934 sql
685.464 449.867 -216.526 denmark
-370.932 -186.788 342.612 tel
-72.903 -198.405 -709.254 usually
524.833 903.425 -881.489 hair
283.704 -813.665 24.799 witness
179.222 173.969 -366.832 court
-137.872 -614.327 -778.615 charged
676.707 -250.278 -164.257 payment
731.251 -494.242 -23.220 cycles
11.659 -709.245 -614.606 neural
-435.147 776.908 850.934 capture
607.626 149.315 -821.489 libs
-241.951 -296.828 -972.222 arena
-687.408 404.495 -97.554 hyundai
-267.749 -593.487 -127.881 night
583.961 -46.991 468.647 context
-20.331 -207.711 -925.788 hungry
-299.048 523.928 -254.699 athens
719.793 910.590 -355.951 condos
854.383 743.310 -323.880 neil
160.813 558.351 398.979 tuesday
622.439 -848.451 -28.914 dat
780.166 -376.973 -238.632 matches
905.844 -921.476 -41.867 chart
-6.852 -724.878 49.510 built
681.167 433.044 113.742 catch
-157.356 299.391 -399.041 decade
725.310 652.146 -623.101 atom
-908.983 -293.455 -644.850 cups
-331.336 345.252 609.106 deal
-100.919 -239.266 552.778 sigma
629.178 671.337 -313.139 jpg
238.722 -726.657 885.297 ranger
97.818 -516.269 -891.153 races
669.922 275.140 696.878 bean
763.367 -12.132 154.529 tomato
5.018 231.144 -501.069 uni
417.887 21.180 351.997 vampire
399.191 -899.450 -396.329 juan
-738.301 -559.605 103.713 paul
306.492 -514.673 -595.219 marco
-86.692 -658.209 -552.134 mixing
-910.389 -478.269 181.273 lisa
-11.458 287.147 -239.238 belt
-576.600 979.218 -757.292 fujitsu
-444.606 140.575 -266.842 port
968.761 -752.972 765.630 sudden
-612.955 487.640 -832.905 uruguay
75.453 -134.378 -645.865 thongs
531.752 669.401 940.898 onto
868.867 333.552 -726.926 blue
418.188 760.888 884.843 bowl
-996.717 -773.553 350.809 pipe
599.754 -930.030 135.300 gsm
-805.590 -237.698 484.470 nest
-951.519 399.742 952.294 acre
78.730 681.312 162.143 blanket
844.308 664.006 -950.401 men
-45.210 -899.238 -495.359 faq
92.356 850.515 -169.313 app
-42.642 197.706 -918.709 bases
-788.538 272.204 -580.416 carter
-295.787 -65.213 856.509 logging
825.845 102.364 665.775 plastic
319.654 -340.249 -191.916 finder
-353.026 969.363 542.888 viagra
176.181 -578.124 315.010 absent
-496.207 -799.844 -671.054 nuclear
5.316 -296.755 -886.684 league
634.022 -759.368 -583.662 shadow
-62.043 -328.955 -9.286 measure
70.973 -988.443 703.454 julia
-481.399 -795.767 -29.991 fail
402.866 -855.649 815.539 sign
-908.863 -987.028 -223.503 rank
-895.097 851.885 -441.848 jungle
-729.091 -206.927 244.679 cream
-352.234 949.620 468.518 shoot
-556.600 -696.743 299.721 clear
574.805 365.271 -870.232 zambia
-373.475 292.485 -244.168 hearts
-213.092 -833.679 -50.303 submit
-339.674 389.596 277.466 court
991.161 -331.668 250.264 butter
-57.035 932.442 320.136 honda
-948.608 -540.279 675.121 albums
125.283 678.133 290.948 velvet
596.774 -752.207 -885.563 ron
939.918 509.591 -896.371 warned
-142.202 -536.203 395.475 groove
701.322 872.833 -146.504 noted
-43.076 817.836 43.878 reg
-678.765 -548.978 -32.067 shift
748.292 374.593 962.562 boob
455.419 279.010 -383.426 mothers
712.063 835.425 328.436 vic
-81.026 234.306 544.291 use
240.627 -631.810 595.739 judges
139.244 803.047 -257.666 webcast
616.978 -436.497 521.204 enabled
-259.123 519.948 -44.340 doing
-685.974 969.804 -478.627 join
-994.211 215.489 -271.951 topic
540.983 -839.496 791.904 letting
289.325 -288.663 784.509 lose
706.026 -144.785 139.073 adam
-876.975 147.903 227.764 tied
279.690 872.290 -837.986 petite
262.513 929.282 -739.004 flood
-628.720 -38.289 -559.490 access
522.009 -880.148 -237.972 near
435.079 691.804 -232.089 fifth
156.055 -38.292 -101.506 count
539.438 -707.207 -394.253 snow
-654.371 -893.527 -385.006 ooo
-664.333 -350.109 937.097 menu
783.399 429.300 -313.997 ended
-84.329 501.402 -754.435 part
-245.927 397.105 869.751 hoping
-868.500 -476.770 -106.728 louis
961.918 94.691 -620.011 ampland
977.235 -383.226 -941.332 decade
-877.522 -869.174 -645.220 adopted
-874.137 635.443 673.993 scsi
914.055 -640.825 -165.115 tion
838.678 59.304 903.717 antigua
545.466 -769.828 -158.164 smilies
-738.991 463.147 -632.957 view
595.441 500.955 893.901 hello
-169.168 -548.909 846.256 casual
198.531 -335.739 -269.148 boulder
-135.632 638.172 -714.255 polo
397.596 426.381 -471.612 ron
630.373 -298.631 155.370 humor
-168.351 185.290 -489.424 she
771.281 399.454 -151.074 reform
-41.457 -510.685 -717.814 pdt
332.882 262.466 -963.928 powers
456.251 117.582 -861.562 census
557.149 -809.225 698.278 mary
379.889 -639.146 568.119 saddam
-535.335 753.093 -303.475 footage
-865.901 -13.527 -675.575 depend
-433.369 615.797 -678.116 baker
10.357 275.491 828.555 county
521.084 -995.730 -506.143 arctic
98.133 -506.237 -347.746 lamp
-924.049 717.301 -218.145 critics
748.605 -189.335 -727.686 what
322.701 -695.020 -657.560 comment
885.589 -740.005 608.164 third
119.240 160.358 792.272 finest
-143.488 -490.996 470.329 buses
734.126 -320.019 -336.990 luck
-422.897 400.256 -308.868 bus
-931.744 300.550 773.854 roland
939.921 -278.641 347.556 labor
547.723 80.750 -925.830 clerk
505.890 -158.823 637.045 things
-791.140 272.085 54.969 sink
-414.671 93.409 -852.915 paths
726.692 -151.556 -479.381 crowd
80.914 -397.760 486.499 voting
-947.909 -105.156 700.203 restore
297.300 -58.125 -961.345 hunger
135.089 873.570 611.657 bond
-19.469 -9.742 325.469 harder
504.673 -208.788 -502.517 ladies
492.329 123.312 853.504 heat
-423.079 957.679 559.736 duties
-729.876 -582.558 221.555 courses
419.671 410.395 -30.441 finds
190.055 748.101 430.378 refined
47.543 962.823 -520.911 plant
77.738 474.896 -86.857 denial
-240.218 -76.073 -174.151 kevin
-393.486 716.427 -374.449 checked
-159.834 717.073 827.913 damage
-269.329 313.640 778.006 savings
-416.746 793.102 -687.953 breaks
-118.203 382.323 -933.296 rpm
-851.719 966.882 881.352 genre
67.147 293.137 824.962 dryer
136.939 -619.268 -574.656 sept
90.774 935.075 -47.483 asking
-451.912 -729.588 605.354 areas
808.078 827.430 -243.452 insured
-611.072 651.041 -638.425 loose
-904.129 -952.084 -166.646 bear
374.540 527.937 147.354 ebook
-274.744 141.023 730.020 durham
-59.281 139.361 248.830 mailman
-284.919 710.461 -172.891 finally
562.960 -450.151 -495.184 fcc
-741.407 -806.228 -518.200 sally
-889.901 -741.341 908.626 intel
899.647 -499.640 -656.982 seeker
143.533 -742.667 -325.420 anger
-155.111 697.542 45.099 gauge
-268.757 -772.440 -250.917 llc
-507.309 -649.868 -739.611 editor
-743.859 -365.508 799.796 duo
-726.162 -52.095 603.880 far
785.176 519.280 -684.589 cases
825.014 -974.885 -273.198 terry
-939.761 -159.602 -141.208 serum
614.726 33.378 802.793 tri
-266.168 189.855 944.543 cliff
-2.454 -447.720 163.748 sorts
820.593 -416.321 374.002 watch
-133.906 162.758 848.592 andrew
-524.278 247.193 -274.093 marker
305.326 -213.459 -623.170 nano
-602.056 -130.670 892.696 burden
-509.896 -202.014 -177.125 max
-1.325 -611.951 429.658 cardiff
809.526 -871.321 -721.688 ddr
919.705 -725.403 32.136 before
-746.536 -257.006 413.438 weekly
-950.908 155.953 -753.900 zoo
227.415 206.702 -57.344 decent
-360.673 179.507 703.355 places
377.562 395.053 458.937 heater
-218.155 -228.743 -449.821 glenn
295.003 -469.708 -424.601 health
43.392 969.810 -44.396 created
-197.900 -988.661 -448.694 usually
-961.259 -985.904 919.600 kde
725.605 705.777 -332.658 wendy
-783.086 53.852 295.305 laser
-844.133 -820.226 -290.131 hill
-825.072 909.946 285.103 report
528.510 -997.041 -626.322 orbit
493.537 -974.577 -734.808 jake
-793.521 400.959 83.064 fate
-16.844 866.897 870.379 pour
-743.647 792.310 498.492 even
-698.259 -816.319 -74.338 overall
-164.107 -52.774 -736.071 dodge
-287.165 -602.082 23.144 matrix
-566.588 775.231 803.171 worked
-296.215 151.548 -18.665 covers
-367.319 -225.430 -201.247 dildos
787.745 194.125 -841.017 relay
-516.351 -182.919 821.086 handed
-794.662 -280.702 -755.123 ban
-70.060 -962.009 -59.463 but
-629.576 929.606 -254.547 objects
-967.638 891.444 -246.472 pickup
230.384 -933.163 638.032 heater
-639.806 -403.180 -458.614 valium
-205.950 -37.973 -295.317 wing
-499.764 -140.642 -979.791 error
704.695 -523.257 -492.656 reset
-770.752 -318.040 -522.184 spoke
-557.534 -150.395 -529.936 foreign
503.980 -104.066 -883.832 berlin
-85.511 -110.601 -558.338 focused
648.252 104.415 -363.710 islamic
212.958 415.810 -949.422 wines
208.882 -800.069 264.367 bank
-758.080 -140.399 -147.737 booty
-19.768 -128.523 -447.393 powell
-711.373 169.788 523.182 smoking
163.576 532.974 -804.386 moral
-546.179 428.101 918.583 trace
-475.870 -181.735 81.964 utility
-656.572 76.104 5.455 slight
-194.206 -74.076 -894.399 madison
-511.309 935.162 754.399 cohen
-961.419 -359.937 297.134 kenya
-997.855 -223.282 7.233 realize
627.634 912.258 -880.057 recipes
622.391 669.930 -719.547 phoenix
775.240 320.048 -524.618 navy
395.733 -568.611 307.706 href
993.841 534.484 416.897 var
-86.994 268.556 -176.424 silk
368.231 -422.174 -386.542 flags
-671.438 -577.582 -188.161 telecom
-30.574 -557.961 88.234 touch
249.059 392.847 972.632 leaves
-77.688 -535.077 -190.980 owned
373.520 -203.595 42.301 knife
-243.051 -204.407 180.726 their
-472.357 -267.375 972.522 wearing
123.793 -328.281 222.441 session
503.784 893.607 -841.137 implied
-313.408 216.382 -376.037 stable
953.782 279.347 486.530 eyes
551.087 292.954 -117.896 amongst
-467.107 -795.013 -11.973 deviant
386.967 989.028 -339.883 luck
-346.397 -603.474 144.699 wishes
484.973 -616.545 -628.786 lessons
-324.781 970.436 -460.626 snow
-41.743 -654.872 648.598 tracker
-352.065 -811.979 71.218 book
-369.043 836.116 -225.787 slip
-694.499 -921.028 -784.740 ran
929.762 214.882 289.041 lending
-6.602 63.749 803.304 from
-171.359 707.129 -917.151 rebecca
686.002 -154.652 73.460 poison
-887.460 517.887 -766.377 cms
874.092 40.115 447.840 both
-32.184 -481.525 -974.236 sale
-421.240 832.432 599.792 warrant
645.463 -566.402 -481.691 concord
499.982 -73.148 418.737 motors
-920.826 788.565 -650.524 shut
-736.790 -420.454 -548.907 waiver
-755.693 -384.531 -477.874 yacht
859.188 765.840 -957.153 serious
-532.371 -429.528 14.428 mice
915.862 -820.519 -770.994 lie
-345.076 361.315 -85.993 damages
-661.343 -775.243 -966.314 worm
-193.637 -236.795 -447.713 listed
701.225 948.883 964.385 ssl
103.195 -636.972 352.278 flame
616.967 -105.423 -568.894 dallas
90.514 -104.630 936.170 prayers
-129.176 -531.371 627.517 harmony
933.812 71.064 410.053 months
-493.669 18.301 875.989 super
925.764 4.832 150.753 custody
532.232 582.820 -164.443 laden
663.634 -426.691 577.803 courses
-60.627 -317.786 501.347 val
541.633 -609.881 -479.791 placed
97.339 -104.462 -717.153 dive
-219.149 222.453 -277.600 think
426.754 -19.254 -566.067 modules
-52.202 27.475 -641.157 jeff
-222.509 -508.654 -56.292 their
-262.361 -687.539 -745.501 kerry
692.604 -29.748 720.126 zdnet
-4.817 665.787 -603.827 ralph
-511.052 901.986 -728.018 yours
-542.756 358.859 335.344 during
-841.851 19.310 488.951 asian
-219.690 -76.111 -313.226 viking
-500.401 -530.549 396.030 bytes
-830.532 798.052 -577.931 tri
-538.582 35.252 -566.108 lasting
486.382 -769.961 -82.479 odds
652.034 -711.405 54.211 sick
258.655 -103.047 -275.938 elite
-712.472 -851.781 774.258 gently
18.813 250.359 272.319 lions
711.234 19.545 845.701 lewis
553.752 -92.065 -356.781 whale
925.856 940.080 564.934 www
970.727 -773.590 -690.587 sonic
356.666 -733.954 451.124 army
410.715 633.927 -525.771 butter
-780.621 -708.200 81.582 caring
-545.702 951.642 857.478 celtic
618.459 695.690 -643.887 faq
827.649 259.019 -742.411 about
416.010 219.512 -467.761 nova
850.426 -259.027 622.218 book
19.545 -994.106 -621.520 expires
-413.890 -54.654 926.940 stuffed
-939.706 -953.119 -253.685 jacob
862.063 487.443 -259.823 scotia
-976.343 223.701 -639.826 fingers
730.872 609.710 -504.496 prix
-375.574 -89.316 -501.893 sign
-135.585 -371.987 521.365 mark
41.179 803.559 817.450 raymond
-254.121 782.437 641.440 applied
442.249 -151.346 780.122 brand
954.432 376.857 416.813 min
-909.801 369.358 -353.075 heads
-0.243 798.395 725.991 human
882.195 72.208 -859.396 meta
-92.852 515.336 299.256 moving
-410.777 269.239 540.704 here
-20.697 614.009 -504.347 land
-210.970 5.776 -693.020 thumbs
-820.565 -794.927 447.883 coins
-693.969 -138.161 94.493 polymer
-606.305 -5.569 -364.928 sur
-58.716 -971.128 -642.797 wake
-65.097 836.912 154.122 biggest
996.636 507.913 499.501 browse
-131.567 540.647 30.771 limited
10.947 -583.100 455.416 ctrl
-68.757 452.726 -4.598 kits
-502.403 -622.186 -646.434 racks
-622.586 793.333 791.913 creek
-355.103 -423.634 -256.960 images
886.152 -392.071 553.632 taxes
750.679 -538.620 246.784 wiring
-199.247 -880.527 -194.446 merit
-249.045 -175.628 139.881 receipt
997.597 473.535 286.858 equity
403.030 -644.069 -208.470 copying
-680.797 -417.671 833.626 allah
-213.587 222.466 669.033 breasts
431.452 943.492 78.490 lodging
786.075 -882.650 794.159 utils
-90.247 205.796 355.186 stream
-268.393 91.802 -871.148 mostly
-843.652 -571.917 -232.768 rats
640.901 -205.764 -762.894 prix
-397.433 762.534 -58.196 toolbar
352.997 -458.119 966.358 safety
-42.985 -683.704 -979.019 nudity
-195.569 -711.098 25.896 wicked
-682.342 -7.616 611.055 pounds
-208.973 -126.014 262.309 which
-605.027 941.161 84.939 tampa
926.349 535.642 118.724 mice
-80.565 -874.357 898.060 spent
-386.849 -909.868 541.439 horse
66.487 -417.328 667.516 favor
-243.966 -63.184 -460.771 blink
752.181 820.021 -524.712 exempt
569.510 -284.341 -273.245 moments
747.053 -749.630 310.219 badge
434.298 406.175 -563.875 tear
938.356 898.537 -231.161 dated
-27.849 -334.774 980.572 work
121.753 -676.944 -618.274 scored
612.237 -255.619 -683.148 days
-453.464 202.292 763.734 arena
255.473 -748.827 811.951 soviet
334.903 -583.425 -815.145 ebook
747.813 -569.400 251.126 poetry
176.990 -182.432 112.692 display
-374.067 -272.977 -855.826 beans
-34.411 233.211 -389.865 nextel
-81.976 351.974 -747.005 sub
-479.528 385.457 -438.302 serial
-695.180 -116.730 346.542 gourmet
428.261 398.325 -374.973 gaming
-907.663 505.018 -24.465 warrior
311.693 -183.299 723.105 spin
237.410 189.995 -822.316 perhaps
-127.311 -29.980 -899.767 urgent
965.241 -350.826 -770.067 slave
190.448 -654.155 612.925 steam
498.132 867.115 909.677 doc
-362.697 613.402 519.298 theory
428.346 -124.847 346.611 profile
536.755 -61.556 52.076 nylon
955.356 -813.354 -16.912 roll
-679.197 452.553 338.820 sweden
-905.485 -641.037 -836.749 kde
-880.330 497.573 -211.067 theory
-757.550 -610.208 -950.980 acne
221.043 -385.682 -592.615 porsche
333.054 281.789 287.872 warm
485.440 -230.698 -954.127 asset
499.657 -675.593 -997.899 cheese
-907.532 197.132 -679.389 ivory
470.704 779.795 -590.668 thu
-375.403 387.573 -131.806 deemed
424.726 -6.850 -575.434 steve
-505.808 -280.960 856.117 beth
-326.272 34.260 -904.138 readers
-921.443 498.691 281.455 cas
-136.291 289.306 924.823 tribe
357.508 -513.650 -72.638 newbie
-162.365 -649.184 -646.838 coming
-232.607 -424.573 732.634 owned
-273.237 -840.739 -99.177 who
-304.871 -35.477 717.252 pole
-727.278 228.656 274.040 travel
783.252 -590.288 216.207 curious
-767.221 501.404 158.271 size
-372.734 -323.910 -240.314 gba
472.125 317.857 763.810 dating
749.501 -631.734 -450.880 plain
-387.824 194.323 875.908 lending
-599.611 667.583 676.789 epa
-309.331 -652.911 -133.277 prep
239.643 -659.123 379.724 rough
693.136 -285.096 -493.020 cas
999.472 -876.287 -23.101 son
873.665 299.623 539.638 reduced
-538.447 -944.559 848.012 invited
-561.956 365.824 -732.616 lot
802.815 689.821 983.281 samuel
29.012 -490.993 -912.090 cyber
698.548 -91.267 13.057 west
159.046 822.536 -770.108 buys
-660.126 -523.743 379.268 empty
530.037 193.205 836.134 divx
542.075 -546.580 -654.063 teams
-396.857 737.600 -783.398 neither
-493.254 -648.800 250.993 vaccine
73.689 502.577 989.886 large
-954.387 399.515 -4.530 johns
476.864 92.747 252.827 funded
-844.413 -278.638 820.499 surface
-848.207 802.098 636.297 confirm
93.831 431.840 504.578 shorts
-185.694 -745.753 897.632 kit
-970.073 434.264 -468.220 gratuit
941.114 -263.602 -403.654 vary
980.884 480.851 726.851 hollow
736.250 -631.261 -423.281 mature
-713.309 418.607 399.370 shame
-981.239 794.519 705.816 button
820.213 -577.747 145.271 andreas
571.402 404.177 632.074 brooks
580.438 2.047 -826.276 ordered
-116.929 -81.934 -393.763 ice
233.574 -674.201 968.143 quantum
300.820 -241.547 -525.460 physics
605.686 823.701 -298.413 width
-458.091 544.718 701.631 flyer
-918.896 -470.545 -901.645 clouds
467.731 -38.684 901.421 colours
-270.330 -87.893 -303.681 cant
591.010 709.335 680.332 device
-129.890 462.001 29.271 nsw
513.314 -811.298 308.838 gnu
148.877 -961.067 94.522 desert
264.411 39.991 -920.015 were
-268.666 270.608 -829.803 operate
655.608 373.719 422.144 britney
-537.603 -486.877 -199.645 alberta
-297.050 -474.636 733.271 cork
414.968 -891.101 -10.222 charlie
-794.743 343.149 426.966 latvia
-41.352 -391.717 359.764 dollar
142.782 46.296 82.069 tumor
355.104 989.387 -731.618 meta
290.634 294.098 -535.967 supply
518.942 -882.190 182.274 until
722.065 16.354 365.212 river
933.780 80.240 -227.534 common
-364.648 995.221 -151.801 out
204.289 -155.468 302.641 ent
-716.004 973.043 -758.502 clinic
663.854 598.554 585.166 enemy
82.773 33.935 522.436 rewards
-138.180 -56.336 -3.346 grass
737.526 -397.654 802.044 venue
-13.153 56.268 171.717 warrior
-141.838 188.093 -175.563 jane
-186.454 5.394 -687.402 human
514.086 -150.868 913.429 proudly
-878.237 257.203 -339.871 moment
-278.055 162.639 -168.059 dsl
214.818 -518.640 -900.916 scenes
47.907 532.820 689.302 gender
671.975 340.148 414.167 lots
977.037 127.808 479.417 roster
733.179 749.769 834.600 covers
882.183 -518.107 98.797 total
-11.167 -633.446 675.526 gis
393.421 772.769 802.768 array
-475.277 895.362 310.101 grammar
-46.452 -225.146 67.493 airline
162.056 -770.350 -487.476 fought
124.012 498.284 -110.988 tvs
970.584 -299.271 -721.815 sport
-269.556 -590.527 784.909 alot
-389.803 -419.292 -331.619 photos
-120.423 976.596 -112.225 nearby
-387.094 -383.133 -126.577 discs
32.332 711.052 430.105 scale
-444.646 -220.375 671.690 metro
-740.674 -710.720 -594.762 orgy
-158.573 -770.461 594.020 allows
493.243 722.137 -18.496 avg
758.204 -740.416 474.281 muslim
650.082 273.746 383.625 also
-423.986 928.546 303.147 alex
-0.900 -184.609 488.377 herein
-47.966 192.280 -3.378 ears
-207.776 634.940 -571.278 manuals
190.886 298.614 419.942 route
972.963 152.622 904.002 trick
-736.070 -279.798 457.196 henry
-601.602 -771.762 -198.089 ccd
225.616 -480.760 549.319 tone
971.091 -103.236 52.821 user
-111.329 -252.226 448.829 concert
-397.904 -60.294 571.047 saint
170.360 -157.398 -116.481 brunei
-955.408 -426.470 -586.812 winter
-563.191 -406.445 -940.841 metric
-976.868 935.612 -118.531 emperor
-101.416 62.391 -496.388 clouds
928.987 -507.602 -410.734 lemon
-634.295 -310.823 81.231 vatican
363.857 944.221 -67.713 crafts
-398.336 417.273 -83.779 display
-928.671 -621.288 -994.680 whereas
-956.692 -460.854 72.765 this
244.774 -848.862 438.442 mask
644.045 -806.239 -880.233 freight
460.176 -335.082 562.016 induced
-456.382 731.291 729.216 helmet
-295.657 -840.108 906.129 und
105.377 -113.284 -561.546 ridge
-478.661 -862.812 -840.896 sep
-638.741 369.977 700.616 shoe
-291.459 -460.049 -266.390 highest
462.767 -908.278 -590.648 census
658.186 -954.545 494.720 voted
607.469 -22.726 -775.461 metro
-293.680 518.240 77.790 owner
-363.022 -506.158 -597.592 cyprus
667.274 -521.932 -703.113 enough
16.776 -40.823 -461.408 macro
644.133 -123.474 -40.027 july
-196.698 -680.789 -607.918 tranny
833.628 338.958 -48.619 potato
503.451 -334.049 948.047 gain
988.371 -454.384 -46.481 atomic
-137.330 -267.645 328.658 klein
369.977 16.650 -837.787 porn
-728.334 -901.815 530.130 fast
-582.394 895.559 -47.178 looks
277.990 -323.363 -602.669 faq
-3.026 -814.339 369.921 texture
-179.113 923.488 -520.264 degree
-489.623 -78.820 -535.394 advised
-737.889 -923.533 789.812 klein
-403.927 -58.234 -237.591 bit
-394.757 -783.289 791.054 expert
539.465 -808.886 169.098 finish
243.643 320.104 -84.222 gourmet
407.729 -202.070 742.178 imagine
68.258 -667.374 901.270 burn
-602.254 675.902 676.881 going
-919.971 956.181 591.079 tech
412.317 -227.129 813.050 robust
707.591 -964.002 -574.116 measure
381.833 -802.049 -837.035 israel
-578.059 403.863 -317.563 lindsay
965.098 -79.105 -77.705 smooth
354.282 -688.636 -167.963 pacific
-853.713 152.624 -417.622 seventh
852.640 -172.558 787.421 latvia
930.472 702.964 -478.129 stephen
553.580 -936.201 743.894 aspects
107.951 -305.215 195.720 seminar
808.181 -228.668 -45.651 night
320.434 -137.462 535.899 hose
296.849 -223.452 391.406 march
454.809 73.179 -281.508 default
443.555 672.550 -561.036 trap
463.056 915.846 760.205 ears
-66.072 339.212 -221.697 shelf
-576.429 589.262 -887.204 jury
97.452 806.200 -940.512 worried
-634.749 496.056 -521.926 nathan
-945.282 -366.277 -180.570 parties
-396.503 481.807 258.541 does
-255.689 -86.417 -584.072 bullet
-253.841 -241.563 -439.575 stops
-573.082 -735.764 628.397 provide
260.976 23.829 -726.859 hazard
812.389 19.277 650.200 smtp
285.545 -329.014 -704.985 refund
-57.627 420.423 352.059 alcohol
-569.061 -531.063 209.177 angeles
-507.528 776.256 650.367 luxury
334.215 106.235 494.373 reads
-238.945 855.646 740.222 wizard
410.514 -919.414 -22.122 marker
578.637 129.985 -714.658 partner
908.806 438.317 332.859 mention
-280.443 -983.160 -113.277 murder
666.122 -500.103 -133.128 foster
519.100 -639.672 -532.003 len
-617.957 198.745 -611.554 scared
-632.412 -395.724 111.911 brief
328.105 369.469 -402.991 next
89.319 -279.104 787.943 remarks
743.885 242.472 918.040 apt
237.096 -994.044 -45.313 paso
300.344 -666.683 64.930 racks
555.722 129.719 -662.369 model
341.066 -805.199 8.415 advise
-18.473 -92.486 474.081 andrea
707.506 890.775 -939.556 letter
-339.162 -162.564 -224.050 rome
74.508 167.629 141.233 just
-859.712 -273.069 -241.021 ampland
-840.962 -667.397 207.329 thong
-40.327 87.613 322.870 screw
-537.858 105.832 -491.815 visited
-952.724 232.624 -174.731 mercy
412.156 5.385 893.726 hire
631.392 -852.322 43.569 battery
664.918 -197.708 -347.400 hit
323.143 -721.700 802.133 trees
244.876 -138.831 -786.141 visits
343.757 207.941 -247.754 labour
-277.928 -712.484 -99.249 valve
958.511 -290.274 463.534 teach
444.691 -475.979 232.996 handjob
806.209 304.906 295.584 consent
29.293 -812.474 632.083 past
434.182 -832.605 -291.582 velvet
382.764 160.665 -701.695 outdoor
92.625 366.533 136.117 mothers
171.821 500.311 -208.025 myth
900.927 369.120 -185.500 palm
-598.197 986.799 -414.450 toolbox
997.636 -33.284 921.137 polish
-842.736 877.428 -901.786 dice
23.364 715.720 321.488 forest
49.156 -557.891 903.719 zinc
703.189 663.523 485.910 absent
175.314 -695.471 585.248 jacob
-148.141 233.875 495.211 embassy
50.745 -515.494 -922.387 twiki
422.256 274.769 -742.565 doing
951.735 122.470 -145.113 jelsoft
480.190 -79.912 -977.937 trick
277.793 -890.927 -982.533 markets
199.765 325.413 -41.379 text
-202.587 642.391 -563.742 little
796.757 943.414 -482.788 watch
764.067 955.848 579.046 chris
108.375 -302.379 838.290 solo
61.155 -723.723 947.137 penn
477.463 414.067 -295.884 fired
703.630 -274.941 -608.667 demo
271.639 -308.024 -433.323 idle
-904.180 -768.569 -632.194 teach
-777.228 951.263 336.466 doug
28.839 629.110 -606.849 wonder
-48.195 852.210 -632.968 garmin
-758.745 662.259 831.396 bundle
57.002 930.779 930.957 parcel
427.675 -420.636 -711.322 adam
-817.327 -573.608 900.881 implies
541.186 730.354 831.025 arrives
82.768 -518.444 769.513 came
162.910 610.178 -162.887 con
290.468 250.971 659.396 feel
858.538 -775.524 445.517 poster
91.327 354.417 -425.791 utility
-597.629 -858.610 446.060 profits
385.770 431.914 -640.713 look
107.778 251.620 675.656 sexy
683.659 189.252 -719.656 will
133.048 -973.823 704.716 gravity
344.624 -852.029 603.693 club
-465.189 950.769 828.563 genius
-26.102 -457.144 -654.529 throw
-154.503 222.635 800.725 site
-592.814 -109.752 -368.243 puts
513.049 424.394 759.077 basics
-295.772 -223.882 54.601 colony
-554.540 -885.283 696.573 justify
-864.837 -243.759 414.766 prefer
894.590 -866.960 285.832 penalty
952.980 -845.779 -492.200 proudly
858.114 -948.726 -198.769 signs
-446.029 431.700 -785.349 goat
-2.679 -715.061 -178.712 fuzzy
-383.608 -661.706 327.327 chick
101.773 13.489 -287.066 capable
688.344 318.701 -781.369 elderly
913.748 5.534 -475.444 jeans
397.817 189.910 576.923 phrase
94.430 336.837 -316.174 trip
-17.584 -748.833 886.617 lance
814.052 887.248 50.066 link
164.802 397.152 617.699 shows
987.833 925.611 -360.218 helped
-185.610 400.835 142.798 void
-174.589 -109.609 -2.203 handed
44.615 -175.354 -796.184 enter
496.512 -906.033 637.617 lou
-868.089 -601.027 -994.490 scroll
-731.196 674.022 219.464 calls
-415.016 -739.436 -497.257 handles
147.425 445.558 -954.031 grew
794.542 886.080 -956.652 cardiac
-207.147 -656.597 -571.811 ash
-482.201 -714.315 167.894 through
-334.782 674.422 -870.499 bryan
345.546 935.977 174.846 ben
-762.174 -748.338 800.188 dans
-940.129 -593.291 350.991 gift
-832.249 -716.066 477.407 retro
921.319 228.641 -902.783 witch
391.852 -466.076 687.744 donate
89.993 -488.002 -452.676 dates
82.411 -428.172 -899.833 spencer
-711.699 -203.755 533.836 focused
-893.137 -575.064 -654.254 showed
-315.702 613.771 -319.277 shown
686.914 696.942 921.226 maple
-156.447 -152.922 898.615 sara
-132.598 858.010 587.315 puerto
-631.036 554.979 -692.568 coding
138.581 390.110 -761.585 feed
572.015 744.549 248.421 barbie
-416.237 310.603 -808.715 organic
-939.827 749.549 705.959 phases
-228.817 -634.699 -918.784 hamburg
982.793 -282.997 293.952 exp
-636.523 952.527 505.313 rear
-491.224 -981.990 112.506 nokia
-959.227 26.850 -385.501 nickel
-872.481 -254.908 359.358 haiti
-176.586 693.212 551.879 halo
796.662 -53.044 -293.618 derby
-67.371 317.204 768.918 quality
263.546 131.426 -221.291 did
-520.091 -649.350 511.433 ebony
-228.196 278.316 161.186 shakira
-186.010 715.946 491.695 eight
709.972 -433.092 689.215 book
956.618 938.768 142.657 patio
988.284 -891.761 204.472 cabinet
-392.208 133.106 505.247 squirt
563.739 176.595 -761.918 order
4.561 901.243 981.259 whore
-773.763 463.491 -146.972 mexican
126.865 915.709 -628.660 trust
566.516 -320.172 564.403 seek
-257.686 -150.415 835.190 centres
802.675 747.114 234.299 nut
655.366 -201.175 -301.399 barnes
387.384 445.831 -678.565 cas
355.722 297.144 -275.460 certain
-169.486 727.099 831.930 apache
-560.496 723.744 -294.817 gba
-861.610 -206.446 680.364 banners
-293.040 41.872 563.187 titten
-928.540 -121.581 -817.170 bottles
695.099 593.177 995.458 struct
184.041 171.682 682.230 winds
591.991 8.572 833.322 coleman
436.699 -831.756 663.423 smtp
910.276 442.616 -76.542 olympus
-404.427 643.682 87.154 com
-116.757 413.495 359.474 net
-733.567 611.260 -906.987 motels
729.086 868.070 -115.170 pixel
72.087 -276.676 -837.273 ltd
611.690 899.097 -877.186 america
-623.140 534.222 11.180 cuba
830.081 -908.243 -267.662 rebel
625.850 -461.358 -499.641 variety
-51.806 397.467 -706.108 hormone
-694.360 -268.579 -880.452 ted
-27.871 700.809 717.197 epa
164.385 133.582 499.113 gross
197.413 -293.286 -554.728 quilt
-643.941 57.184 -332.023 habitat
-373.647 797.695 176.924 briefs
-15.872 266.030 -335.017 funky
-673.083 -672.621 690.372 hilton
-753.818 133.705 304.491 climate
810.358 248.606 -722.006 freely
-986.908 917.636 -598.776 aim
270.627 37.056 -309.822 voice
805.891 621.340 -826.653 garbage
142.088 -626.001 328.747 bars
-867.994 825.664 191.146 shots
-939.753 856.641 993.179 eugene
498.091 -299.729 -295.665 nancy
-577.744 -20.738 -551.976 photo
-871.577 469.737 492.441 robin
-542.280 235.708 108.486 blowing
-550.177 -538.653 -83.144 updated
-512.508 -88.579 614.969 kate
605.571 623.275 651.695 advise
-531.398 -835.240 -285.089 legacy
569.991 479.333 533.091 diagram
-661.868 -403.720 -546.836 sitting
546.098 -524.575 -269.388 pierce
-908.148 512.328 989.589 stevens
875.573 -541.980 158.004 violin
-219.292 57.154 -850.500 due
945.265 -147.826 676.389 scale
506.919 -400.906 -513.076 carrier
939.421 -460.027 -667.497 patrick
512.324 671.673 257.159 valued
806.458 -426.948 -921.062 work
655.068 250.706 -37.268 living
-817.340 -77.672 299.395 array
-266.599 125.876 50.493 muscles
481.075 -791.081 92.426 society
405.773 -242.402 95.171 pete
-738.746 -346.637 61.651 charm
134.663 -128.918 698.637 suse
-525.123 -443.566 947.748 fund
45.277 -414.154 -619.439 weeks
897.175 173.303 -911.345 poverty
-762.353 -585.047 -521.540 vagina
-620.433 -456.348 931.950 belgium
-89.148 -151.991 -718.151 jenny
721.958 -268.285 -677.495 sharp
487.960 -122.960 180.861 lloyd
-311.468 722.309 -450.178 empire
-771.028 -932.918 -878.129 vietnam
-361.946 219.273 377.889 intend
-52.604 928.144 -497.762 sheet
-553.239 -964.612 993.327 fighter
-142.823 -734.308 829.005 julie
-693.013 831.228 -370.723 replies
-421.556 -777.356 -926.873 healing
-225.853 980.182 -495.569 lanka
172.319 660.162 962.832 degrees
-728.259 -139.097 118.586 related
-520.845 -747.998 336.866 idaho
-666.298 -749.079 697.099 spell
-493.319 213.513 672.663 tactics
379.213 -363.069 -415.960 forums
-711.058 -821.072 -950.567 donna
-39.343 -474.926 -105.459 ghz
-167.523 -962.716 238.719 prior
245.927 375.712 211.651 sought
785.248 874.399 -870.988 html
217.264 320.863 -94.574 drive
671.429 -345.803 -615.816 ground
425.216 987.920 -463.843 nations
-195.993 -941.405 355.494 lending
-378.086 537.187 940.722 newman
-421.749 377.394 -528.337 borders
-803.181 -273.318 -804.350 tier
-802.939 -890.628 558.485 altered
662.149 -593.823 -9.648 orlando
-836.714 62.536 -430.951 miss
856.281 65.121 501.386 declare
-640.786 -376.467 -622.017 active
541.777 -713.270 126.098 pleased
-351.923 -527.540 784.670 brings
312.794 -318.571 794.017 navy
410.442 -971.365 -163.636 clinics
454.157 -644.254 425.283 flow
-619.342 438.223 304.458 tract
-835.388 -257.846 -768.588 side
-36.953 -10.688 -31.474 cope
-133.798 -908.544 -509.234 cargo
434.529 51.428 49.766 schools
-272.248 -182.676 -146.907 mad
-624.493 -645.246 244.135 twiki
61.614 386.335 -344.830 notify
-37.248 682.737 -676.607 summer
-713.840 -434.267 101.944 delays
502.171 -766.791 392.619 women
711.809 -995.468 -437.299 joins
-252.889 403.737 -724.837 tree
-760.114 729.665 21.325 deliver
-672.192 324.574 -995.121 flags
-366.540 981.240 -722.178 flux
527.152 -176.719 945.160 dated
-873.414 246.789 142.447 brought
721.167 860.446 -378.796 switch
119.324 -438.448 -174.290 myanmar
-216.095 -321.175 -838.886 colony
-214.789 836.999 257.725 coal
-128.944 607.503 -222.736 match
545.898 -511.701 -812.311 disable
-598.571 792.063 -468.066 writes
-621.667 415.295 -662.124 invite
575.830 -345.766 -100.361 bronze
-332.208 380.611 550.204 sbjct
859.327 -261.309 -895.613 beside
570.126 -387.372 -921.409 kings
-391.040 -62.640 -859.445 deal
451.826 626.531 75.374 boolean
-356.261 318.505 684.005 invite
-143.582 280.726 554.936 attacks
-168.872 -452.244 -8.597 whale
976.194 227.764 -317.457 grain
-377.418 -798.337 244.054 song
57.495 406.420 -549.320 tel
936.844 882.623 -905.742 livecam
476.940 720.102 -351.096 recent
-678.480 -902.475 383.353 cds
684.190 540.752 -895.261 picked
617.048 -821.518 857.512 audio
-602.676 129.069 -874.271 backup
283.016 92.885 -426.412 calling
-825.505 -16.516 -859.641 thai
288.332 -109.414 717.280 devoted
640.516 -415.086 -249.099 expo
482.853 533.835 380.632 females
751.463 -287.567 368.446 saint
-432.520 838.476 465.502 matt
-944.853 -343.157 -744.470 warming
-900.693 -56.102 -400.259 hunter
526.652 -842.742 -504.018 coming
-661.099 544.297 -568.081 travel
603.912 775.444 128.982 phi
745.152 953.388 -233.303 lexus
642.671 742.797 283.949 crazy
-929.037 -464.663 217.862 fin
572.642 392.763 -646.442 women
551.707 -842.073 -489.055 pos
34.696 -737.199 806.019 effect
-927.224 -130.298 -562.040 barbara
-999.013 -420.933 731.944 axis
-455.680 -964.710 26.764 toddler
-160.676 -293.180 -320.098 gardens
-758.694 974.285 78.235 factory
141.052 921.987 636.190 verse
454.085 -948.239 -419.413 bennett
277.258 604.448 -573.905 treaty
314.937 -385.916 823.933 mary
-727.916 -507.305 89.399 system
108.096 -24.740 -303.608 solomon
327.917 -519.316 -17.795 rage
512.291 74.571 679.725 slot
-253.025 508.901 676.785 kathy
864.763 854.651 -424.656 realm
891.030 481.190 -323.429 whom
-420.898 -435.849 74.512 then
-534.315 -184.370 8.501 peer
-891.958 -624.518 41.962 hyundai
837.288 -19.676 894.170 rice
-953.059 578.720 -407.928 came
29.323 536.757 -277.388 toddler
-217.981 -9.644 -953.852 hills
-814.896 504.686 497.176 newer
730.269 -342.279 -514.771 class
-233.421 -348.940 456.033 bright
134.371 -404.754 869.915 seattle
79.400 -774.907 -168.402 issues
-862.308 -21.993 -340.701 cruz
338.224 -794.841 -662.861 squirt
511.615 16.606 -295.317 rider
526.050 589.724 13.085 vermont
-880.636 254.957 -780.211 origins
-296.140 964.161 179.556 jackets
511.776 608.784 -741.107 strips
105.030 79.555 940.101 sizes
-149.348 3.727 123.919 ethical
-50.053 259.932 -990.863 twinks
-360.023 -39.362 220.454 dubai
137.072 382.604 -741.824 cir
879.479 -870.217 210.826 single
-942.406 686.835 -999.150 analyst
-406.475 806.064 755.999 suppose
998.392 455.536 -715.869 bias
-490.487 810.626 503.812 watts
-224.575 -738.540 -128.633 your
693.170 -987.465 341.770 herald
932.040 410.537 -752.058 achieve
965.676 -254.003 -267.430 prix
276.367 -894.331 724.797 evident
648.768 919.196 107.200 realize
-575.237 -818.582 -45.330 put
-608.648 228.380 -373.372 stadium
-112.674 425.972 620.206 buys
613.947 -498.503 -77.218 urban
345.160 295.780 462.345 far
148.349 679.417 691.958 rear
152.844 817.939 393.718 african
962.146 -73.129 315.440 duty
-669.118 373.226 -591.471 orlando
879.379 -6.120 916.344 unto
794.063 499.933 451.982 edgar
550.429 267.991 -703.826 circles
822.161 43.815 -242.378 central
375.921 -731.658 -759.729 derived
-377.067 -904.313 23.690 walked
-59.313 752.542 850.463 pay
885.918 891.007 33.168 wanna
-998.557 -857.759 -359.875 boxing
-397.151 494.494 580.488 lebanon
333.349 -271.584 -172.146 science
-354.604 -546.784 357.535 bernard
246.716 569.762 698.906 space
720.322 -950.221 54.203 limit
405.504 -833.468 -851.683 last
333.751 -749.476 -339.994 israeli
915.449 914.976 -585.073 pat
-719.980 -749.757 -641.724 smilies
-430.265 946.100 909.726 reply
17.623 -951.499 -460.680 diffs
71.232 -196.146 280.135 scene
378.263 -642.201 -18.815 further
996.838 238.727 -469.743 limits
-669.459 929.453 -191.934 upc
121.766 345.633 -375.095 fix
-375.075 210.956 -95.092 orders
-880.934 -195.443 131.705 brands
-739.705 531.363 907.600 museum
-491.650 64.807 639.029 results
127.699 -483.612 -227.774 pond
-291.853 743.269 -441.097 quit
874.936 -878.082 845.571 jimmy
-60.235 -61.780 23.382 coastal
699.878 -456.621 130.034 broader
836.071 -336.994 -926.104 guild
755.619 -50.951 -54.806 swap
888.740 713.106 732.583 palace
-942.809 133.304 -382.323 lance
-217.014 458.871 -813.059 andy
-578.214 -500.057 -2.025 posters
108.741 660.616 174.312 france
291.345 -369.127 94.651 quotes
-72.458 628.088 825.798 palm
570.115 953.123 -855.504 cos
-541.002 -320.802 988.132 seems
-976.208 -906.840 76.699 void
599.774 960.156 22.061 punk
362.569 467.690 -498.867 cry
-413.114 -121.024 239.438 fake
563.323 150.130 663.108 jon
-841.839 -351.079 191.169 ipaq
-16.339 -962.194 369.968 hate
478.496 -836.886 346.793 sauce
314.446 -569.661 240.989 windows
677.876 754.889 -605.925 monthly
-90.567 -346.926 799.160 logo
847.731 -928.602 -935.817 span
-772.137 -640.183 -87.621 retreat
-264.512 -497.072 -73.552 mid
542.403 461.257 286.480 disney
69.822 -430.434 906.950 bool
430.698 -134.632 955.100 april
823.175 -428.571 -164.998 protein
749.021 832.074 930.836 terrain
-619.779 -243.627 -491.311 bowl
-501.731 -307.611 864.308 medical
-912.260 310.735 -213.160 vaccine
-649.004 -392.574 696.545 tariff
262.598 -785.436 -142.482 fits
-314.924 -891.505 -527.753 bosnia
-838.826 -214.013 -49.958 jail
-95.336 609.814 -621.592 passes
-178.688 885.223 298.445 thats
-730.584 328.857 -282.598 zoo
-545.345 22.208 644.686 feof
79.960 484.948 346.219 img
-702.666 614.561 -811.747 theme
941.079 -82.153 619.609 power
955.957 23.621 201.697 weapons
-440.422 -440.046 -475.400 screw
850.699 -166.986 650.159 tears
824.159 975.169 85.760 colours
-771.705 -540.818 -375.367 song
469.478 -723.881 956.251 marc
-523.341 -872.905 432.166 modem
-166.031 -869.821 -178.135 radar
329.185 -280.762 -891.234 hired
-508.534 -359.949 -718.310 harvest
530.657 -62.845 861.086 gravity
612.694 -281.244 549.371 idol
196.507 432.443 410.124 robot
779.138 976.982 385.658 twisted
-367.726 -182.812 264.547 inter
-980.735 -576.078 -970.438 skilled
-644.798 552.561 -264.926 reno
-741.281 -352.821 -232.456 railway
-104.076 -743.367 -191.028 goes
-861.744 -333.034 -364.106 unity
429.580 -137.475 877.891 powers
-591.386 -469.751 -851.565 disney
-394.552 404.977 345.318 cameras
-180.118 -562.040 477.527 admit
-293.181 -510.264 -753.254 lately
-200.162 63.261 -762.107 shut
-515.542 -392.914 993.922 oecd
-245.700 -449.372 -684.830 suites
73.529 546.385 535.776 itself
371.628 340.732 239.573 numbers
493.248 704.057 745.152 fitting
123.560 -608.702 372.124 vietnam
-608.424 -0.560 -442.799 pics
730.750 -737.797 649.755 apart
887.960 -213.560 352.458 qld
71.262 930.195 -491.046 fires
875.540 280.712 394.788 asn
40.128 563.274 537.502 arc
627.203 542.578 -760.693 follows
244.230 137.696 149.626 delays
-513.431 -421.038 -236.627 throw
-441.816 -770.728 122.439 lover
-714.394 688.704 -671.949 toilet
386.736 368.138 -53.575 ebooks
260.050 -583.763 245.209 topless
434.401 -590.079 189.584 burns
303.308 5.351 -798.789 enzyme
625.901 437.108 944.120 rewards
554.509 -417.880 -88.547 stand
-738.499 3.019 -953.538 each
-724.549 -502.818 -698.694 saddam
764.090 376.732 472.869 deposit
-485.760 -50.644 -77.463 tap
779.116 422.146 567.652 formed
-340.412 -251.100 -214.173 proved
-181.574 -741.712 -876.764 fuck
745.165 -927.280 121.257 acts
-855.371 -804.487 533.576 mild
-148.805 300.564 93.313 god
-147.925 935.387 82.997 allowed
818.866 -969.591 -628.571 mainly
-783.139 236.586 738.286 unable
-779.941 305.178 376.117 vagina
-676.172 -858.828 -487.041 live
-65.074 913.352 548.768 choose
-38.076 37.320 -37.776 ooo
771.873 -2.542 430.441 dpi
-655.777 -130.420 626.695 vsnet
-105.292 -495.996 -84.252 drink
50.577 -869.564 573.333 kelkoo
794.039 417.002 249.929 server
-707.628 113.118 -329.940 lesser
119.426 209.480 959.755 plant
616.374 659.930 -311.326 kidney
570.636 -580.128 128.349 guns
-498.666 -992.879 536.276 dozens
-43.739 743.700 -967.437 kijiji
-671.852 97.565 -642.042 integer
869.141 953.002 -727.224 jason
520.023 909.234 144.374 devil
474.233 -169.353 762.158 based
-429.409 -341.932 -712.047 silicon
-206.813 -967.420 -261.240 stopped
569.844 -176.545 253.766 which
-641.755 235.054 938.825 waste
871.532 -441.511 -595.684 rivers
-345.453 -126.357 660.737 instant
993.004 -813.188 612.036 attach
592.584 961.461 -363.337 package
-655.736 -337.079 440.387 adapted
-780.452 -556.545 -958.135 modems
45.730 936.313 700.993 club
441.524 330.800 771.066 dicks
556.269 205.556 -349.035 lazy
-17.069 983.240 782.111 import
-40.796 581.790 447.206 abu
447.360 755.328 858.131 custody
-669.263 -848.958 815.045 drawn
376.961 -472.360 636.375 surplus
297.357 893.407 -122.339 chile
862.929 -102.414 172.267 growing
-974.427 -690.070 -808.477 accepts
757.216 -819.212 192.707 save
780.765 -405.219 680.166 implied
826.999 223.137 -842.822 albania
715.833 -655.588 -568.820 broken
-917.928 863.918 -666.384 assume
-440.013 32.863 517.055 sick
-616.934 -805.431 425.716 nick
938.852 -108.537 -754.221 damn
-755.285 -758.100 856.488 playboy
-806.347 -371.781 -873.923 alike
437.663 448.021 970.155 dennis
-748.759 238.062 815.134 quad
904.433 968.421 970.991 dutch
721.851 687.977 -114.186 subject
-981.919 -377.239 -623.365 married
-412.603 672.071 -527.861 cry
-980.113 -636.156 -716.892 trustee
8.196 34.900 618.214 etc
-877.350 254.025 -28.834 donate
401.506 276.897 989.739 smoking
-56.491 346.147 562.259 pull
-230.127 -917.868 -627.363 handed
568.236 -809.579 -152.559 geneva
286.476 -143.652 781.358 rocky
-666.770 174.758 193.720 bias
-278.390 155.658 -836.534 curve
423.271 836.817 89.030 profit
-155.095 707.955 87.005 rather
-498.532 -714.162 -456.830 prize
-549.500 607.988 798.106 adopt
858.592 598.224 -890.369 magical
50.771 124.439 -13.952 handjob
212.937 68.903 686.473 sender
-615.107 -917.276 -723.999 turning
968.867 179.885 -397.681 cayman
190.552 -889.137 -369.315 gained
-35.526 -711.204 -429.857 gay
295.796 -709.364 -238.408 favors
-109.306 -804.409 -412.936 theme
-421.331 -312.503 410.984 regime
-478.458 827.057 -366.903 fast
-851.591 476.973 -515.349 gonna
-987.037 -107.379 -216.689 sec
647.470 326.766 123.535 explore
-980.744 237.346 -306.254 came
821.790 -562.145 505.950 flood
-421.016 -240.845 -374.325 row
490.077 -815.031 -232.672 jet
619.610 -924.595 535.410 anchor
-783.517 -414.846 -653.084 eden
911.297 118.745 891.172 several
131.938 -157.592 136.332 pics
454.940 774.370 184.549 land
840.557 -946.863 -389.575 gently
676.204 91.772 395.290 reviews
-846.361 -84.252 -657.613 going
-214.354 815.978 -440.943 test
-90.518 880.621 -548.084 highway
584.554 -393.671 -166.834 maps
-286.246 926.752 262.329 friend
325.635 -982.950 378.675 labels
-148.224 -865.700 773.243 lodge
-995.001 63.182 -464.971 space
-983.775 -826.745 -846.130 falling
-815.611 -891.563 409.671 acting
-368.832 518.519 79.586 nickel
802.234 572.755 562.001 gba
-30.113 -737.301 868.423 oakland
482.128 -68.366 630.413 nevada
44.621 775.353 -602.577 invited
-27.221 -292.066 800.967 carpet
277.364 534.417 556.454 label
554.391 -301.595 213.034 derek
997.664 -725.328 908.965 move
-354.368 441.051 462.826 equal
-799.875 -259.981 -58.271 closed
-486.548 333.420 225.525 flood
-308.128 -35.646 43.952 durham
-148.316 773.585 -864.739 rays
433.434 -226.233 930.519 info
-360.157 192.652 -753.010 thy
917.061 575.551 -745.657 waves
-320.387 276.856 -629.597 nylon
-460.843 180.397 -621.849 risk
410.755 167.570 797.732 penny
-860.633 259.241 -828.036 tackle
-894.595 505.054 196.482 autumn
913.012 -590.123 720.072 inf
426.838 45.710 583.689 holland
129.924 -799.410 -969.131 gmt
-368.614 929.287 -165.141 aud
-715.514 -719.821 945.748 women
13.681 518.244 126.837 deeper
-749.939 -549.200 540.884 escort
572.867 628.785 497.321 losing
-955.688 -671.908 355.845 playing
-707.828 -190.745 133.590 farm
-994.534 -409.852 652.799 sql
690.084 -285.773 11.487 finds
-411.150 -415.733 544.107 mice
-632.533 -693.181 111.752 designs
-919.995 660.665 230.117 divorce
1.229 734.002 278.342 staying
554.832 -549.619 -346.869 diving
818.688 457.899 250.706 cet
399.082 -424.990 183.547 shows
-937.872 220.535 34.252 stone
447.135 -183.623 -936.351 region
94.129 175.541 -292.780 char
-477.273 671.582 879.598 suse
407.477 -982.498 -532.066 metals
-139.084 -130.997 -390.417 maximum
-199.115 -100.078 -317.538 matched
789.135 443.835 -806.403 prefix
238.163 117.952 778.335 that
-340.506 -255.729 -10.937 rug
-727.725 -133.788 214.371 surveys
112.741 -904.545 -735.999 wall
337.217 -891.649 -531.183 bob
-89.347 325.039 -866.748 browser
403.273 201.279 601.639 kinds
231.155 -828.663 -137.637 reg
-314.515 -126.224 851.296 money
-132.883 -626.114 525.063 semi
752.708 717.347 75.161 collar
-286.799 477.514 -940.254 rounds
-519.469 803.919 993.944 sherman
690.900 910.447 210.744 setup
-195.467 -552.801 795.888 phrases
-279.029 -961.518 -416.916 runs
-717.531 -73.774 -278.692 acrobat
730.018 -658.093 -847.687 roman
-752.038 -897.082 -500.157 lanes
-248.187 -616.122 -359.995 rolled
-38.227 -949.486 475.455 lime
-242.608 -658.077 337.448 briefly
497.708 -577.491 -763.075 police
-63.783 -911.253 -743.990 notre
789.482 -748.992 859.891 cheats
892.714 940.680 -698.291 denied
575.636 416.654 -767.430 ellis
390.147 -513.242 38.811 muslim
248.010 -708.675 435.595 lamps
-548.137 724.731 249.165 mardi
307.673 -52.756 935.134 sage
-747.024 -111.913 193.470 how
-564.721 472.964 -580.173 devoted
596.327 -61.312 4.582 except
-53.510 458.890 -99.163 canada
454.092 -23.395 -296.275 assault
691.468 -982.894 -403.284 ppc
579.039 -212.630 -255.662 samoa
-942.527 -223.413 297.114 james
665.389 505.637 -678.372 been
-415.287 585.276 370.782 deeper
-525.567 -609.286 -851.423 remains
428.853 -3.402 8.802 cursor
-566.192 203.152 -71.637 mexican
190.219 237.644 -338.404 syria
662.205 260.407 -523.118 drunk
-134.985 -828.300 344.932 crew
509.312 373.844 309.270 yeast
860.505 -231.590 615.188 humor
-951.493 968.591 295.565 ipod
-662.299 -944.641 824.438 voters
-909.059 -332.569 -244.527 riding
-878.380 143.807 -17.142 went
-641.897 914.563 890.903 began
245.807 -228.554 -382.548 utilize
-192.781 -16.864 554.727 logging
225.957 -132.785 -487.372 hentai
-51.524 -541.693 844.666 unable
266.531 709.108 -345.425 movers
465.736 574.908 793.065 fix
406.030 -607.712 -655.804 seminar
823.740 -836.280 673.078 lip
-691.286 -375.522 -459.660 council
317.155 -868.330 268.670 joke
-665.799 967.952 562.559 charles
-827.293 -716.362 -780.142 client
-693.272 -978.452 776.859 munich
85.665 28.760 999.896 tract
474.155 696.692 -797.853 stock
8.281 950.064 469.391 awarded
-222.005 -767.645 60.357 lanka
254.797 345.777 291.126 durham
-398.982 778.668 528.497 angela
-574.153 895.216 778.234 clearly
-40.066 978.984 -633.475 home
-385.289 -534.146 -360.133 basic
-655.494 -861.197 -340.195 acquire
-519.596 -802.402 -445.579 get
-492.353 164.416 -279.445 sep
78.503 606.564 790.231 demands
-440.173 -507.067 -322.587 tied
345.036 807.659 885.813 slip
-759.546 637.550 579.813 etc
-985.100 839.177 750.388 boat
747.073 390.659 880.065 cargo
-856.526 -699.701 213.523 genres
-968.525 -501.524 -347.573 factors
358.455 -628.167 330.083 daniel
-769.282 -45.489 -597.996 cancel
-815.830 450.891 -581.770 wall
763.748 309.447 560.663 yearly
569.091 924.275 819.117 resumes
561.525 903.611 40.606 texts
753.174 -862.983 836.874 markers
261.819 980.778 -179.679 indexed
936.807 -651.261 -961.462 tries
-651.158 -269.054 268.303 pamela
52.446 -290.298 -821.294 tap
225.577 484.203 303.122 cons
674.469 -937.407 990.535 ltd
-517.710 -657.763 -770.934 son
-903.292 89.116 -544.630 qualify
-641.832 6.064 -865.969 moss
112.593 -937.944 -804.333 donated
820.236 326.962 -369.172 worked
556.358 -624.225 798.882 audit
-200.972 936.260 -705.957 suck
-765.107 -300.502 56.029 rod
742.429 -186.500 89.496 ons
-395.802 -499.921 -631.488 dave
-38.599 357.938 254.685 olympic
-297.349 367.703 -412.575 proven
-864.845 657.371 634.913 marks
-340.612 -142.376 961.155 body
-626.730 -551.141 -871.928 ipod
16.781 -119.383 -652.912 anymore
779.789 718.813 518.983 needle
323.765 49.750 317.567 arthur
-387.996 -129.800 -64.132 fda
810.031 -308.223 438.495 chapter
-717.598 207.274 67.600 local
172.309 788.556 65.607 floors
836.074 29.391 101.608 naples
-721.443 201.204 -482.069 novels
-382.563 -470.590 299.306 adidas
-286.349 -822.849 935.309 estate
582.490 568.742 704.230 agenda
-936.439 -504.069 -411.610 match
-989.693 75.458 -675.464 lawyers
881.253 925.429 473.328 define
270.971 623.879 -661.922 berlin
782.085 372.407 -569.544 dies
-219.933 -647.013 377.768 essence
-524.407 909.725 -295.963 writing
-650.515 -505.724 61.182 lance
-523.973 -135.828 -249.336 org
-551.413 180.715 -443.092 singles
754.381 682.436 -61.619 blend
-936.385 309.578 705.738 tale
-189.285 -830.028 34.261 friends
-751.386 -544.511 197.043 water
233.213 -349.173 -205.934 guns
-175.248 -10.787 -732.719 feature
604.688 -13.483 -328.115 alleged
-156.201 -783.138 -31.853 theater
-266.633 175.282 -645.402 years
-351.522 -271.525 545.460 bradley
880.636 266.397 -809.526 faqs
-969.563 355.740 -913.331 julie
-828.405 825.922 559.124 disks
793.334 -800.129 -504.171 desire
380.802 -151.265 413.392 monte
198.688 -568.858 424.288 mice
66.860 -737.448 -999.554 forces
-628.679 -694.085 237.857 six
-759.718 804.280 -211.838 chart
-580.945 101.390 -880.158 nail
-179.767 -585.216 -863.807 implies
-772.401 667.819 -911.228 inline
153.722 -774.585 594.715 product
467.079 -4.980 316.518 infants
-136.287 -166.503 78.196 rip
944.263 176.073 -653.781 bunch
970.778 510.338 -792.675 manuals
-465.085 218.706 596.361 sky
673.440 586.476 323.065 missed
580.422 -772.551 -236.392 fur
685.040 -907.123 -770.775 jackie
232.281 239.919 -831.443 spring
-156.929 -776.841 -359.127 ciao
782.471 701.956 -8.936 mobile
-848.667 -156.889 -120.719 amended
-414.286 -110.010 -780.071 triumph
-926.535 939.146 731.983 elderly
896.352 -510.549 -279.309 milan
-118.093 -554.110 323.376 big
273.952 -668.616 741.713 reel
696.011 116.346 915.361 spaces
-277.183 964.206 673.564 entity
405.026 103.587 -676.389 ruling
779.649 -95.437 -270.511 levy
324.842 37.861 -391.032 depth
-780.603 -714.824 -869.525 sub
529.935 838.827 101.675 bronze
-655.655 274.185 -988.604 dee
-549.702 359.822 445.800 paul
-716.271 529.512 -868.293 lbs
-826.606 -44.641 -281.300 hereby
-594.837 64.357 -470.576 affects
679.642 708.278 -353.382 giving
60.474 -370.688 6.750 until
-981.495 -371.272 -323.196 ways
923.120 -711.985 766.894 temple
-941.042 790.285 -136.726 beaver
-375.428 -178.979 -213.991 ppm
-692.442 -0.021 797.689 pic
-434.030 -614.947 160.433 fruit
-450.944 -822.381 -194.085 array
94.920 -514.188 939.972 sea
354.244 249.996 124.936 forth
21.563 -0.580 272.265 las
141.665 782.438 -973.105 garlic
-397.753 -769.147 127.636 huge
429.883 480.464 324.497 bubble
970.718 -641.249 748.553 display
-652.223 -275.655 783.526 yrs
-663.310 -363.353 -541.122 pipe
-909.263 -361.361 -822.562 moral
216.396 806.472 821.101 contain
946.909 -502.542 523.250 lace
-950.167 -80.625 917.738 playing
-686.964 -733.995 -668.661 gordon
448.252 -404.977 594.868 take
987.904 49.669 62.319 stages
836.854 -540.461 -178.254 came
417.524 -764.915 682.800 yellow
-758.786 -715.383 -633.621 how
-429.620 26.076 -578.512 entered
-986.706 97.542 669.659 some
119.861 -692.495 104.943 stake
-962.103 -837.050 834.907 ran
-721.894 -668.412 222.186 pills
-421.985 284.750 -255.728 whats
-818.237 352.060 719.941 cheat
838.460 -14.757 -725.459 cattle
-200.966 -356.470 462.513 msn
672.224 133.734 -89.134 acute
15.681 600.732 121.025 rounds
878.873 755.227 -944.287 outlets
-93.807 -515.466 -319.222 nerve
902.869 -978.465 158.338 wider
-193.124 -710.328 451.442 freight
653.758 -240.785 853.078 french
-727.195 -121.119 -704.886 timing
51.226 8.827 -875.609 chance
-910.124 128.577 -54.200 lists
884.770 275.265 627.007 abroad
347.875 -403.765 662.084 males
-826.826 -749.036 238.339 inform
691.217 -235.963 642.701 disney
509.948 401.234 628.041 clinics
-359.899 -167.868 649.455 rape
361.787 -369.242 -137.454 similar
595.544 357.510 162.919 jade
-54.787 -577.892 879.831 fell
-998.482 -747.083 -247.857 finals
845.223 -965.585 248.130 minute
926.692 -22.881 135.029 habitat
-815.661 80.764 -961.281 buys
798.275 -872.994 565.531 guard
524.130 794.696 612.578 antonio
-546.861 941.258 -756.746 carlo
-868.583 -750.412 440.091 creator
523.461 -60.771 -523.409 config
-412.728 -692.857 -23.026 groove
878.348 -967.210 646.119 atlanta
831.654 266.189 775.880 domains
959.511 -833.711 -690.040 naked
-32.877 234.012 -556.187 puzzle
-810.638 -606.140 -419.916 carry
162.827 828.902 932.048 towers
250.404 -122.570 601.429 related
397.037 329.709 699.074 holding
2.555 -843.145 -537.525 relates
-405.207 -219.399 -407.866 sync
-313.952 739.705 326.812 ireland
567.330 533.818 933.365 alpha
-359.257 -941.184 798.485 george
48.872 -226.377 861.972 douglas
633.444 445.661 459.431 guam
-385.133 -621.230 722.729 rent
663.237 -841.600 94.374 powered
-463.428 -757.946 28.183 steven
479.211 457.454 -579.563 species
47.463 473.386 401.981 fare
759.607 396.120 369.333 seeking
-207.969 655.423 34.615 adidas
-381.486 473.537 199.051 sale
-585.675 -781.108 -202.354 linking
905.089 -420.069 -101.734 realty
205.520 -327.294 698.008 baptist
458.576 -676.171 367.116 canon
-894.301 -129.970 999.880 ddr
571.180 718.341 -821.541 pamela
603.059 -114.150 -205.428 todd
-193.271 847.420 861.445 worst
270.183 577.173 322.199 spatial
925.128 372.675 761.618 lab
64.354 -574.391 -333.882 poker
-143.307 368.811 -405.915 entries
426.858 849.451 -325.973 buzz
-880.959 818.739 -790.674 career
-538.388 -837.331 -191.532 claimed
-467.424 -894.861 -753.777 sam
731.035 -807.676 615.507 alpine
632.161 770.619 216.051 wonder
-995.650 360.561 886.609 healing
-73.215 -348.096 -479.656 lost
758.420 -895.562 105.370 steve
325.899 -773.654 358.114 pointer
53.238 -318.284 -900.504 really
200.892 -468.034 431.395 electro
580.121 50.192 -30.884 tue
-948.732 -349.922 25.995 detect
117.156 -918.891 24.378 walter
-371.276 811.863 -547.079 canyon
602.812 -369.587 -676.972 sharing
-963.678 -596.669 126.178 herein
31.161 403.864 218.943 ram
643.464 -266.526 -267.679 infant
78.714 21.490 -935.214 fight
95.455 -979.749 -91.124 tackle
435.642 452.994 538.798 resolve
752.716 979.564 -889.570 claire
-115.955 627.284 306.654 engage
-888.408 -776.689 242.952 feet
-348.770 865.898 -624.768 jeep
625.508 -901.164 -193.193 welfare
-911.344 -101.502 798.244 asylum
-899.845 555.736 164.010 empire
709.487 -919.700 367.642 realtor
581.595 -268.891 -664.498 appeal
-832.524 -154.878 477.607 smart
50.560 -974.577 809.809 oxide
-510.887 707.092 -439.475 nowhere
134.810 243.575 -965.411 single
-102.432 849.855 351.537 tent
9.468 -443.687 -708.746 brand
145.889 -321.183 -374.759 shore
63.293 -889.432 -986.669 land
-333.825 -85.817 -355.859 euro
-746.482 116.494 14.803 secret
-380.382 -38.426 863.357 deer
760.235 865.031 405.084 violent
-541.469 -799.195 -211.522 along
107.912 853.917 604.134 span
446.475 9.786 -706.593 vii
596.785 -40.764 759.076 cards
906.904 -886.411 -575.904 toolkit
-402.248 664.999 112.831 toy
-468.297 169.487 -337.663 hdtv
-178.252 -537.090 914.910 beauty
-341.346 -156.937 -997.544 behind
434.645 945.050 173.850 eminem
504.374 -352.180 -396.980 cgi
-578.370 492.424 364.071 mpg
610.606 -895.663 -857.693 tourist
324.173 544.684 713.463 bennett
832.483 905.138 76.635 plates
-943.309 386.826 -216.229 soonest
537.707 304.565 -106.843 bass
442.736 927.668 286.384 cornell
1.827 654.572 -930.514 element
421.757 875.380 558.260 float
656.373 -284.320 865.678 clara
-335.278 -492.511 638.061 reed
-664.829 -511.922 -117.041 flour
-537.086 -52.164 647.171 swim
833.134 -20.052 -373.630 leeds
379.524 522.439 -992.178 has
-215.063 361.455 195.975 unable
-49.910 873.437 -624.229 tires
-638.799 810.249 231.661 intent
616.457 -974.418 256.498 road
-195.182 -147.474 -137.604 trust
835.960 -734.371 754.926 emails
-396.716 384.183 -53.227 logs
759.544 -876.107 -250.742 cheque
-574.162 565.713 -937.299 loaded
-665.581 213.439 -842.467 prior
-556.685 632.878 -421.498 context
-236.931 368.639 -623.570 forced
541.090 -869.504 -626.511 happy
-354.786 -133.581 -929.121 sbjct
568.840 989.590 715.581 saves
425.709 307.805 862.809 places
-165.696 465.901 408.133 danish
930.518 346.912 -398.442 injured
796.487 125.064 585.467 temple
-89.667 -265.204 480.005 contain
-608.272 733.834 328.399 since
-575.412 -78.357 729.462 leslie
-978.540 32.586 570.808 css
-224.088 -950.727 476.239 crimes
691.220 -286.117 -936.812 pvc
-779.487 -324.869 -883.552 cottage
803.220 -410.201 -101.975 antigua
554.895 35.404 -273.680 forgot
301.634 -923.928 -570.964 action
-365.234 544.056 -661.328 arthur
-680.923 268.552 -487.350 tier
152.305 -27.228 837.213 scale
-496.795 -425.046 251.689 forum
-452.655 -380.554 406.771 adrian
-539.807 -137.665 -102.245 pick
665.771 397.990 -22.834 museums
-719.492 439.961 598.146 week
538.739 -182.106 -81.176 whom
377.255 -896.739 -425.498 babes
-419.514 -369.684 -895.692 debt
8.244 353.462 546.445 were
498.025 855.562 858.538 logging
-472.736 -136.478 892.316 deals
-933.932 -732.441 -325.839 female
394.407 574.942 -966.578 tied
-60.163 -438.920 -755.203 caution
555.593 859.805 -725.130 youth
149.365 -253.201 513.240 tions
91.963 -584.422 -981.834 evening
-506.174 -967.041 -498.713 train
149.232 -474.430 574.773 hotel
-513.394 -770.719 506.052 ciao
-648.528 207.687 327.566 struct
-263.511 766.341 658.054 approve
382.905 -101.594 -866.321 weed
-810.574 -347.900 818.011 per
-124.756 653.721 67.015 burton
-70.486 -927.358 630.315 tuesday
197.733 760.638 545.347 minimum
-464.061 846.789 -984.486 ellen
-79.271 -768.591 76.300 raw
352.724 -997.478 987.967 purpose
799.810 -490.960 597.812 spouse
203.974 136.633 -138.640 mom
722.655 -273.745 196.922 crisis
-817.145 852.675 824.945 rape
-799.254 769.862 -899.250 thesis
-332.422 -102.758 719.309 satin
.