63, 82, 7
22, 31, 90
41, -58, 56
-9, 95, -11
-25, -19, 97
-27, -65, -71
69, -31, -16
-89, -58, -8
34, 20, -80
-43, -29, 76
12, 19, -85
23, 34, 21
-55, -29, -77
30, 15, 76
80, 90, -75
40, -29, 65
56, -79, -58
-75, -44, 65
-73, -52, 17
-59, 14, -15
-84, 34, 51
17, 81, 64
-68, 98, 12
-28, 94, 31
75, -41, -54
-71, -47, 20
84, -2, 48
99, 6, -86
12, 4, -85
-61, 18, -71
-91, 40, -44
88, -98, -23
90, -19, 33
-56, 69, -8
58, -100, 32
-86, 97, -9
29, 41, -27
98, 68, 43
19, 77, -61
67, -74, 31
58, -49, -39
32, -16, 51
14, 80, -33
60, -69, 49
-7, 77, 37
-14, -37, 35
95, -94, 53
-44, 27, -61
-64, 41, -57
91, -45, 81
81, 78, -7
75, 57, 5
17, -51, -29
48, 55, 18
53, -52, -75
12, 37, 17
93, -83, -93
-97, -78, 24
25, -57, -86
-35, -16, -42
17, 17, -21
87, -80, 23
-83, -83, -10
-11, -82, -84
-99, 79, 93
-98, -26, -70
70, -43, -63
20, -69, -78
62, 7, -6
-12, 71, 30
82, 46, 96
-23, 88, 78
14, 76, 17
95, 71, -47
23, 94, -17
-94, 43, -23
-20, -46, -26
91, -42, 5
-57, 35, 44
-32, 64, 7
-6, -100, 66
7, 8, -62
-11, 56, -22
-48, -79, -38
-54, -26, 78
3, -95, 66
-63, 1, 3
-71, -81, -10
72, -89, 69
46, 27, -96
94, 4, -17
6, 49, 57
-98, 33, -70
28, -53, 72
-19, 2, 11
-77, 99, 40
30, 68, -92
-6, 87, -13
-10, -14, -31
-95, 76, -59
86, -17, 43
79, 100, -68
-67, -7, 69
25, -67, -65
11, -38, 100
-85, 51, 72
11, 98, 4
-6, -6, -62
9, -17, -15
-21, -66, 7
12, -25, 34
84, -12, 84
-94, 28, 83
16, -58, -100
85, 83, -81
86, 39, -44
81, -10, -88
-6, 34, -53
-7, 85, -82
0, -10, -18
28, 6, -84
94, -9, 37
71, -92, 20
-37, -28, -42
87, -82, 91
81, 12, -66
-94, -71, -20
-42, -78, -89
-53, -73, 97
-61, 7, 91
80, 83, -64
19, 99, 56
-54, -73, -56
3, -50, 84
16, 54, 92
-48, 67, 49
29, -85, -41
-85, -73, 4
-33, 83, -33
-63, 88, -33
-57, -51, -69
-89, 96, -2
-5, 13, -27
58, 10, -92
77, 36, -56
-91, -52, 30
63, -20, -91
-12, -25, -26
73, -93, 100
42, 87, -54
62, 70, -91
87, -63, 83
38, -25, 67
26, -12, 12
64, -11, 0
-42, -96, -19
-20, 76, 81
98, -96, -78
100, -38, -20
87, -14, -86
-97, -23, 34
-13, 32, 43
16, 71, -68
-74, -87, 11
-80, -26, 25
-98, -68, -10
-29, 10, 25
6, 18, 34
-68, 64, -71
-90, 17, 35
13, 67, 10
-46, 18, 44
93, 11, -22
-7, 70, -86
13, 4, 87
-88, 59, 45
24, 89, -9
32, 99, -80
41, -71, 37
-1, 30, 97
-49, 24, -66
66, 82, 11
30, -50, 54
48, -21, -28
-85, -96, -75
8, -8, 70
-19, -82, 6
-16, 30, -89
67, 5, 78
-60, -20, 35
-54, 53, 3
-55, 75, -58
40, 0, 33
55, 32, 57
100, 15, 81
79, -41, -32
-63, -28, 74
48, 38, 71
-66, 17, -87
-100, 15, 74
-3, -75, -42
-24, -19, 3
-84, 26, -56
-84, 54, 90
2, 30, -31
-75, 98, -77
-88, -27, 37
-61, -72, 19
100, -44, -26
83, 60, -56
-9, -45, 0
-86, -15, -68
88, -36, 89
-52, 11, -74
98, -13, -67
-27, 45, 47
-100, -50, 57
44, -84, 22
82, 65, -88
5, -15, 19
4, -81, 57
-19, -4, 70
-47, -47, -60
85, -56, -83
-85, -6, -49
-80, 48, -40
-64, -11, 31
-17, -49, 82
-73, 97, 22
31, -52, 59
-73, -72, -10
-82, -39, -27
-89, -7, 84
99, 33, -64
20, -48, -24
-55, 30, -12
84, 89, -18
-91, -52, 60
-44, 93, 91
57, 48, -38
-38, -24, -59
-71, -33, 13
57, -10, -93
-90, -35, -48
-6, 86, -55
-39, 26, 21
54, -2, 53
23, 64, -54
-52, -46, -66
73, -1, -80
84, -93, -6
-85, 83, -96
69, 40, -69
-67, -10, 16
26, 6, 68
86, 89, -3
-73, 80, -54
-39, -41, 70
79, -39, 30
-15, 30, 41
-34, 39, -24
92, 11, -76
-34, -24, -48
44, -27, 86
41, -10, 65
-51, 88, 100
95, -64, -100
-20, -19, 88
-40, 72, 87
61, -54, -38
-69, 66, -81
-94, 90, -100
32, 92, -71
63, 50, -66
-49, -40, -12
-100, -70, -86
-5, -82, 42
51, 6, -67
65, -65, 33
-58, 21, -15
48, 99, -14
-32, -56, -77
99, -18, -16
96, 82, -57
-84, -79, 35
-40, -92, 8
50, -3, 76
84, 5, 11
47, 61, 62
-4, 82, 46
-32, -63, -63
-2, -21, -75
-23, 33, -56
-23, 99, -89
12, -98, -18
-36, 11, 9
-82, -63, -11
-54, -62, 23
-43, 1, 69
3, -98, -35
37, 66, -61
59, -10, -78
-60, 0, -50
57, 1, -76
92, -17, -92
92, -17, 99
97, -72, 50
26, 36, 98
-89, -73, 35
74, 83, -10
81, 69, -28
-65, 98, -81
-73, 62, -29
-30, -58, 69
64, 54, -11
69, -72, -52
76, 32, -86
-84, 19, 61
86, -61, 34
-21, 100, 60
79, -90, 97
52, -78, -51
-90, -79, 4
68, 96, 72
77, 11, 31
16, 4, -93
14, 25, -47
54, 84, 99
97, -90, 0
17, -10, 0
-84, 51, 1
85, 79, 19
-1, 49, 0
-85, 10, 88
-32, 28, -8
34, -98, -89
31, 56, 94
70, 94, 14
-98, 10, -28
-60, -30, -77
45, 56, 71
-47, -94, -74
82, 81, -11
95, -12, 68
-50, -84, -2
-67, 31, -60
-68, -11, 2
59, -97, 30
100, 56, 32
91, -30, -92
-33, 20, -13
-97, -31, 96
30, -54, 81
83, 46, -19
-13, 40, -50
36, 6, -5
54, -2, -70
0, 64, 62
-100, -31, 35
77, 12, 94
67, -92, 3
56, -24, 8
37, -65, -99
25, -47, 10
21, 93, 69
-63, 67, -25
-11, 17, 65
-29, 57, -68
87, 44, 38
-2, 52, 74
61, 56, 24
-22, -16, -50
-80, -78, -41
-67, 30, 66
59, -52, 93
-60, 39, -49
-33, -57, -97
-87, 62, 27
-53, 56, -53
-70, -56, 62
-10, -7, -93
33, -17, 57
30, -5, -78
32, 36, 94
-25, -78, -81
-63, 25, -74
3, -5, 85
63, -24, 91
-43, -41, -36
83, 99, -56
-15, 60, 66
-27, 71, -26
59, -93, 34
-2, 37, 21
31, -92, 51
6, 77, 20
-48, -88, -19
94, -52, 56
1, -32, 79
53, -87, -62
-96, 85, -68
7, 58, -70
24, 22, -42
27, -2, 64
68, 98, 75
76, -50, 4
25, 25, -29
-17, 22, -30
95, -70, -97
-74, -50, -23
32, 93, -11
53, 56, 99
-59, 2, 11
75, 49, 49
-95, -64, 53
-93, 94, 92
41, 0, -9
-71, 8, -3
-96, 21, -82
-68, -66, 48
-94, -13, -78
31, -96, -81
29, 88, -97
21, -39, 29
4, -63, -49
-71, -92, 53
-47, -4, -28
-67, 67, -43
33, 13, -87
-55, 62, -90
-50, -27, -94
-63, 62, 75
-80, -41, 98
64, -72, -73
88, 83, 4
9, -90, -23
-42, -60, 59
97, -98, -8
58, -43, 90
32, 27, 29
92, 59, 17
86, 18, -99
17, -91, 71
-39, 53, 95
74, -71, -66
23, -83, 91
48, -9, 41
22, -18, 76
-48, 49, -57
-31, 6, 92
61, -40, 54
-9, 7, -88
45, 69, 77
-96, -69, -78
46, 16, -74
-95, 37, -24
20, -80, 84
-32, 94, 14
-21, -65, -33
-90, 62, 94
5, 23, -29
-93, 33, -48
51, -90, -4
60, 48, 19
-21, -94, -22
-93, -6, 73
-60, -6, 70
42, -92, -91
-84, 39, 8
-30, 20, 40
-89, -49, 71
50, -5, 18
-12, 60, 15
83, -23, 72
97, 81, -91
41, -79, 52
30, -97, -37
25, 15, -2
51, 100, -17
77, 96, -36
-96, 11, -75
-12, -65, 8
-2, 7, 48
35, 29, -2
52, 57, 46
-82, -75, 63
30, -9, -6
-60, -64, 15
4, 17, -29
18, 10, 24
-87, 26, 14
-42, -69, -25
-83, -27, 38
90, 56, -94
19, -47, -18
4, 55, -75
7, 54, 79
-52, -16, 81
15, -31, 52
-96, 32, 30

