59, 43, 41
11, 66, 66
73, 17, 91
11, 42, 65
89, 26, 18
72, 4, 72
77, 57, 14
12, 3, 37
35, 7, 98
68, 30, 70
33, 20, 81
74, 58, 82
35, 84, 83
61, 42, 68
98, 32, 60
75, 45, 82
5, 18, 91
7, 67, 18
3, 18, 80
62, 9, 1
97, 96, 50
16, 69, 63
72, 10, 75
5, 64, 47
61, 24, 4
24, 46, 47
99, 37, 40
32, 50, 24
47, 58, 29
19, 74, 71
85, 55, 45
14, 23, 33
91, 13, 53
86, 51, 17
0, 95, 61
50, 74, 89
30, 91, 92
53, 41, 90
90, 12, 95
61, 29, 10
78, 16, 21
97, 10, 51
84, 27, 89
66, 80, 10
28, 84, 41
88, 94, 75
33, 70, 70
59, 82, 28
24, 68, 5
27, 77, 98
54, 27, 78
81, 60, 93
98, 82, 42
24, 24, 29
17, 67, 56
54, 64, 64
79, 78, 96
56, 60, 10
2, 24, 25
11, 3, 92
70, 50, 83
3, 67, 26
17, 42, 96
8, 89, 51
43, 78, 38
41, 76, 40
7, 98, 51
25, 99, 82
57, 22, 5
1, 77, 57
18, 67, 84
55, 53, 73
88, 9, 65
29, 46, 84
58, 57, 22
93, 93, 82
25, 47, 5
61, 32, 70
22, 41, 34
76, 8, 23
53, 35, 54
83, 1, 51
63, 58, 94
87, 79, 32
32, 34, 70
83, 7, 53
15, 92, 17
28, 72, 97
89, 8, 26
15, 47, 23
73, 34, 83
1, 71, 2
32, 57, 81
78, 91, 95
87, 77, 17
54, 76, 95
21, 37, 2
92, 93, 91
39, 66, 45
59, 48, 31
37, 40, 57
81, 91, 34
30, 26, 41
95, 42, 79
45, 9, 94
71, 69, 56
22, 65, 88
83, 82, 32
71, 44, 9
33, 61, 6
9, 26, 94
45, 99, 98
45, 59, 91
48, 4, 46
45, 20, 48
40, 0, 42
23, 65, 71
54, 61, 41
5, 72, 99
53, 98, 55
49, 42, 56
45, 26, 40
56, 6, 28
77, 2, 81
15, 68, 94
62, 70, 68
85, 29, 20
74, 82, 48
41, 68, 31
6, 41, 95
98, 40, 27
64, 54, 37
54, 10, 27
91, 33, 33
63, 27, 52
78, 45, 99
71, 34, 83
10, 50, 83
91, 49, 50
40, 78, 66
21, 4, 81
22, 7, 37
67, 28, 49
77, 72, 25
52, 46, 78
37, 74, 57
26, 17, 5
23, 41, 56
86, 26, 52
69, 28, 20
26, 51, 88
23, 86, 11
84, 47, 85
91, 13, 16
58, 19, 8
81, 30, 79
9, 47, 71
60, 26, 49
99, 39, 14
53, 14, 40
34, 3, 55
80, 61, 72
27, 6, 98
34, 28, 87
57, 1, 63
19, 2, 27
47, 36, 61
14, 82, 12
9, 6, 92
76, 50, 26
28, 40, 11
9, 75, 42
63, 83, 48
60, 28, 97
53, 49, 89
28, 81, 99
6, 56, 5
23, 82, 63
74, 96, 70
91, 90, 47
20, 81, 45
26, 21, 95
94, 92, 24
33, 30, 55
95, 19, 72
24, 24, 17
11, 27, 92
48, 15, 92
32, 85, 28
56, 67, 2
43, 19, 65
57, 90, 18
33, 53, 85
64, 23, 12
19, 10, 69
5, 34, 9
25, 43, 66
10, 44, 84
86, 72, 65
21, 35, 18
63, 32, 61
65, 22, 45
50, 3, 84
81, 73, 39
7, 63, 78
82, 67, 71
71, 70, 2
53, 91, 44
76, 2, 77
25, 18, 62
0, 37, 80
40, 59, 41
20, 39, 80
77, 86, 16
94, 92, 26
45, 20, 82
42, 45, 76
21, 10, 46
86, 97, 55
44, 76, 9
16, 95, 9
26, 77, 53
55, 96, 22
43, 21, 48
43, 7, 51
88, 54, 38
62, 91, 67
38, 45, 0
89, 8, 75
66, 30, 43
26, 36, 29
3, 3, 32
98, 50, 71
69, 81, 72
9, 97, 12
95, 26, 84
27, 67, 80
3, 97, 16
27, 98, 96
5, 34, 48
6, 84, 55
34, 58, 92
99, 22, 25
47, 20, 23
31, 7, 9
6, 91, 64
39, 58, 74
73, 68, 89
65, 59, 60
78, 29, 58
1, 89, 92
8, 48, 60
25, 78, 17
9, 58, 19
50, 23, 1
58, 39, 60
93, 41, 49
51, 14, 45
50, 32, 89
84, 1, 86
91, 64, 81
40, 13, 32
49, 92, 16
86, 81, 30
43, 75, 53
14, 34, 34
15, 16, 93
95, 63, 11
18, 87, 48
75, 29, 55
49, 6, 25
89, 31, 0
37, 62, 58
11, 5, 99
61, 39, 94
8, 81, 23
56, 59, 53
78, 34, 32
73, 78, 54
91, 22, 17
72, 3, 85
1, 49, 76
68, 10, 17
59, 23, 23
64, 98, 4
36, 32, 76
99, 24, 91
4, 54, 74
87, 38, 95
93, 69, 76
73, 79, 73
87, 75, 5
31, 71, 83
30, 94, 25
33, 97, 14
33, 10, 31
29, 4, 26
84, 84, 33
29, 15, 45
5, 49, 77
8, 71, 72
66, 54, 70
50, 64, 99
70, 40, 68
56, 38, 91
86, 87, 97
65, 39, 44
31, 93, 29
31, 38, 60
25, 15, 36
73, 97, 66
47, 62, 42
74, 53, 64
53, 80, 19
90, 14, 66
75, 39, 43
27, 88, 19
37, 84, 9
52, 62, 89
36, 84, 89
56, 8, 57
90, 13, 98
66, 17, 36
49, 62, 30
32, 29, 93
61, 39, 21
64, 77, 64
80, 37, 64
26, 19, 83
65, 44, 56
91, 45, 51
86, 82, 44
93, 38, 72
98, 25, 37
58, 7, 56
19, 77, 66
0, 31, 96
60, 10, 47
12, 36, 23
3, 3, 96
83, 52, 55
13, 82, 21
10, 79, 26
66, 30, 56
55, 54, 7
49, 1, 26
31, 6, 27
47, 93, 53
61, 88, 3
15, 29, 83
78, 61, 26
57, 33, 15
82, 46, 92
86, 84, 76
66, 30, 65
65, 5, 75
86, 35, 32
68, 83, 46
89, 40, 37
14, 58, 71
87, 33, 8
62, 22, 6
84, 40, 5
47, 16, 24
79, 54, 6
39, 87, 43
64, 50, 26
40, 72, 77
80, 51, 66
13, 20, 39
3, 69, 45
95, 45, 83
11, 96, 9
78, 93, 12
64, 9, 26
51, 82, 86
57, 31, 72
34, 28, 48
55, 14, 88
25, 90, 32
55, 24, 46
6, 62, 13
60, 76, 8
91, 53, 67
49, 48, 47
55, 59, 98
14, 17, 96
80, 83, 40
68, 67, 45
59, 85, 58
25, 59, 90
21, 90, 43
9, 20, 89
60, 6, 86
78, 34, 24
83, 75, 61
18, 62, 38
67, 22, 19
39, 46, 85
83, 93, 87
27, 69, 34
54, 61, 45
17, 31, 34
6, 98, 51
32, 70, 13
94, 31, 95
36, 76, 30
98, 93, 71
32, 25, 6
34, 25, 44
68, 94, 30
13, 77, 7
71, 8, 55
55, 36, 44
72, 88, 38
97, 33, 34
96, 39, 58
20, 91, 64
23, 8, 50
90, 28, 5
46, 62, 56
19, 54, 41
78, 25, 39
13, 5, 92
50, 73, 33
40, 65, 85
58, 60, 10
75, 47, 6
22, 30, 9
46, 46, 9
43, 46, 79
44, 41, 74
14, 57, 71
0, 41, 77
21, 72, 42
40, 71, 61
80, 68, 21
90, 37, 38
8, 93, 33
86, 11, 95
17, 94, 47
12, 60, 71
56, 11, 33
57, 95, 80
93, 1, 13
75, 34, 39
14, 98, 63
76, 40, 59
62, 9, 7
73, 54, 69
86, 38, 30
17, 5, 92
94, 32, 72
28, 42, 42
74, 14, 67
99, 53, 8
50, 94, 48
54, 62, 70
14, 65, 98
19, 23, 67
44, 89, 67
28, 30, 47
0, 18, 98
35, 68, 9
47, 75, 77
6, 95, 31
58, 96, 60
29, 70, 70
76, 26, 15
43, 25, 79
48, 2, 66
89, 76, 23
49, 94, 34
19, 31, 89
38, 29, 92
2, 73, 42
91, 60, 63
54, 14, 62
88, 50, 3
2, 57, 22
69, 78, 57
75, 86, 34
97, 42, 45
86, 82, 58
34, 12, 60
12, 50, 65
99, 63, 18
17, 47, 82
54, 21, 35
77, 13, 81
69, 6, 32
57, 27, 16
89, 94, 41
19, 19, 96
63, 36, 0
35, 5, 46
40, 8, 72
66, 41, 27
30, 89, 60
45, 33, 30

