39, 3, 56
22, 39, 44
86, 79, 76
80, 75, 15
2, 32, 73
4, 64, 20
81, 20, 31
41, 99, 28
23, 98, 55
66, 75, 60
0, 59, 17
91, 62, 80
28, 66, 7
24, 32, 69
68, 73, 10
40, 56, 86
38, 85, 96
66, 54, 0
91, 91, 10
38, 92, 53
66, 92, 58
55, 66, 86
49, 32, 63
92, 88, 77
25, 42, 70
56, 47, 43
71, 77, 8
69, 40, 14
24, 87, 41
0, 67, 34
69, 85, 92
7, 88, 45
55, 50, 42
29, 84, 0
71, 96, 10
5, 23, 40
42, 79, 93
81, 62, 12
45, 39, 16
27, 16, 85
3, 24, 61
55, 2, 50
72, 91, 58
59, 65, 45
29, 6, 71
31, 91, 35
95, 19, 73
1, 88, 49
57, 19, 19
73, 15, 79
41, 35, 23
40, 14, 12
33, 34, 8
81, 55, 51
84, 10, 31
41, 57, 63
20, 72, 87
23, 29, 21
23, 8, 73
73, 95, 13
66, 60, 35
91, 87, 50
83, 65, 38
25, 13, 50
84, 99, 85
2, 66, 61
31, 80, 60
17, 95, 35
0, 87, 58
25, 78, 80
33, 5, 64
51, 12, 13
64, 3, 62
29, 4, 57
5, 97, 93
90, 19, 73
64, 19, 75
23, 25, 88
26, 25, 29
50, 82, 90
61, 84, 3
55, 30, 12
6, 37, 14
77, 66, 93
32, 90, 68
27, 66, 42
75, 77, 33
91, 29, 89
37, 74, 70
93, 15, 93
70, 80, 44
52, 69, 81
36, 93, 41
48, 88, 67
45, 93, 6
22, 97, 7
91, 68, 36
38, 53, 49
21, 3, 51
89, 24, 84

